Year Observed_Sea_Ice_Extent_(x10^6 km^2)
1905 -999.900
1906 -999.900
1907 -999.900
1908 -999.900
1909 -999.900
1910 -999.900
1911 -999.900
1912 -999.900
1913 -999.900
1914 -999.900
1915 -999.900
1916 -999.900
1917 -999.900
1918 -999.900
1919 -999.900
1920 -999.900
1921 -999.900
1922 -999.900
1923 -999.900
1924 -999.900
1925 -999.900
1926 -999.900
1927 -999.900
1928 -999.900
1929 -999.900
1930 -999.900
1931 -999.900
1932 -999.900
1933 -999.900
1934 -999.900
1935 -999.900
1936 -999.900
1937 -999.900
1938 -999.900
1939 -999.900
1940 -999.900
1941 -999.900
1942 -999.900
1943 -999.900
1944 -999.900
1945 -999.900
1946 -999.900
1947 -999.900
1948 -999.900
1949 -999.900
1950 -999.900
1951 -999.900
1952 -999.900
1953 -999.900
1954 -999.900
1955 -999.900
1956 -999.900
1957 -999.900
1958 -999.900
1959 -999.900
1960 -999.900
1961 -999.900
1962 -999.900
1963 -999.900
1964 -999.900
1965 -999.900
1966 -999.900
1967 -999.900
1968 -999.900
1969 -999.900
1970 -999.900
1971 -999.900
1972 -999.900
1973 -999.900
1974 -999.900
1975 -999.900
1976 -999.900
1977 -999.900
1978 -999.900
1979    0.744
1980    0.814
1981    0.666
1982    0.782
1983    0.597
1984    0.557
1985    0.492
1986    0.644
1987    0.763
1988    0.616
1989    0.359
1990    0.469
1991    0.445
1992    0.554
1993    0.544
1994    0.465
1995    0.555
1996    0.461
1997    0.549
1998    0.451
1999    0.412
2000    0.470
2001    0.410
2002    0.598
2003    0.427
2004    0.478
2005    0.708
2006    0.481
2007    0.397
2008    0.329
2009    0.380
2010    0.323
2011    0.541
2012    0.436
2013    0.305
2014    0.526
2015    0.466
2016    0.612
2017    0.300
2018    0.542
2019    0.536
2020    0.422
