Year Observed_Sea_Ice_Extent_(x10^6 km^2)
1905 -999.900
1906 -999.900
1907 -999.900
1908 -999.900
1909 -999.900
1910 -999.900
1911 -999.900
1912 -999.900
1913 -999.900
1914 -999.900
1915 -999.900
1916 -999.900
1917 -999.900
1918 -999.900
1919 -999.900
1920 -999.900
1921 -999.900
1922 -999.900
1923 -999.900
1924 -999.900
1925 -999.900
1926 -999.900
1927 -999.900
1928 -999.900
1929 -999.900
1930 -999.900
1931 -999.900
1932 -999.900
1933 -999.900
1934 -999.900
1935 -999.900
1936 -999.900
1937 -999.900
1938 -999.900
1939 -999.900
1940 -999.900
1941 -999.900
1942 -999.900
1943 -999.900
1944 -999.900
1945 -999.900
1946 -999.900
1947 -999.900
1948 -999.900
1949 -999.900
1950 -999.900
1951 -999.900
1952 -999.900
1953 -999.900
1954 -999.900
1955 -999.900
1956 -999.900
1957 -999.900
1958 -999.900
1959 -999.900
1960 -999.900
1961 -999.900
1962 -999.900
1963 -999.900
1964 -999.900
1965 -999.900
1966 -999.900
1967 -999.900
1968 -999.900
1969 -999.900
1970 -999.900
1971 -999.900
1972 -999.900
1973 -999.900
1974 -999.900
1975 -999.900
1976 -999.900
1977 -999.900
1978 -999.900
1979    0.889
1980    0.815
1981    0.961
1982    0.891
1983    0.878
1984    0.789
1985    0.871
1986    0.732
1987    0.726
1988    0.842
1989    0.838
1990    0.728
1991    0.871
1992    0.821
1993    0.774
1994    0.862
1995    1.005
1996    0.967
1997    0.904
1998    0.941
1999    0.844
2000    0.811
2001    0.853
2002    0.681
2003    0.792
2004    0.825
2005    0.869
2006    0.819
2007    0.845
2008    1.035
2009    0.937
2010    0.946
2011    0.724
2012    0.871
2013    1.053
2014    1.138
2015    1.005
2016    0.902
2017    0.855
2018    0.797
2019    0.694
2020    0.863
