Year Observed_Sea_Ice_Extent_(x10^6 km^2)
1905 -999.900
1906 -999.900
1907 -999.900
1908 -999.900
1909 -999.900
1910 -999.900
1911 -999.900
1912 -999.900
1913 -999.900
1914 -999.900
1915 -999.900
1916 -999.900
1917 -999.900
1918 -999.900
1919 -999.900
1920 -999.900
1921 -999.900
1922 -999.900
1923 -999.900
1924 -999.900
1925 -999.900
1926 -999.900
1927 -999.900
1928 -999.900
1929 -999.900
1930 -999.900
1931 -999.900
1932 -999.900
1933 -999.900
1934 -999.900
1935 -999.900
1936 -999.900
1937 -999.900
1938 -999.900
1939 -999.900
1940 -999.900
1941 -999.900
1942 -999.900
1943 -999.900
1944 -999.900
1945 -999.900
1946 -999.900
1947 -999.900
1948 -999.900
1949 -999.900
1950 -999.900
1951 -999.900
1952 -999.900
1953 -999.900
1954 -999.900
1955 -999.900
1956 -999.900
1957 -999.900
1958 -999.900
1959 -999.900
1960 -999.900
1961 -999.900
1962 -999.900
1963 -999.900
1964 -999.900
1965 -999.900
1966 -999.900
1967 -999.900
1968 -999.900
1969 -999.900
1970 -999.900
1971 -999.900
1972 -999.900
1973 -999.900
1974 -999.900
1975 -999.900
1976 -999.900
1977 -999.900
1978 -999.900
1979    2.626
1980    2.874
1981    3.066
1982    3.396
1983    3.306
1984    2.945
1985    2.989
1986    2.609
1987    2.664
1988    2.802
1989    2.424
1990    2.892
1991    2.706
1992    2.668
1993    3.151
1994    2.857
1995    2.784
1996    2.978
1997    2.884
1998    3.091
1999    3.031
2000    2.645
2001    2.716
2002    2.724
2003    2.935
2004    2.634
2005    2.901
2006    3.120
2007    2.829
2008    2.881
2009    2.827
2010    2.656
2011    2.991
2012    3.110
2013    3.155
2014    2.993
2015    2.945
2016    2.584
2017    2.887
2018    2.688
2019    2.781
2020    2.805
