Year Observed_Sea_Ice_Extent_(x10^6 km^2)
1905 -999.900
1906 -999.900
1907 -999.900
1908 -999.900
1909 -999.900
1910 -999.900
1911 -999.900
1912 -999.900
1913 -999.900
1914 -999.900
1915 -999.900
1916 -999.900
1917 -999.900
1918 -999.900
1919 -999.900
1920 -999.900
1921 -999.900
1922 -999.900
1923 -999.900
1924 -999.900
1925 -999.900
1926 -999.900
1927 -999.900
1928 -999.900
1929 -999.900
1930 -999.900
1931 -999.900
1932 -999.900
1933 -999.900
1934 -999.900
1935 -999.900
1936 -999.900
1937 -999.900
1938 -999.900
1939 -999.900
1940 -999.900
1941 -999.900
1942 -999.900
1943 -999.900
1944 -999.900
1945 -999.900
1946 -999.900
1947 -999.900
1948 -999.900
1949 -999.900
1950 -999.900
1951 -999.900
1952 -999.900
1953 -999.900
1954 -999.900
1955 -999.900
1956 -999.900
1957 -999.900
1958 -999.900
1959 -999.900
1960 -999.900
1961 -999.900
1962 -999.900
1963 -999.900
1964 -999.900
1965 -999.900
1966 -999.900
1967 -999.900
1968 -999.900
1969 -999.900
1970 -999.900
1971 -999.900
1972 -999.900
1973 -999.900
1974 -999.900
1975 -999.900
1976 -999.900
1977 -999.900
1978 -999.900
1979    1.327
1980    0.877
1981    1.192
1982    1.323
1983    1.139
1984    1.104
1985    1.145
1986    0.832
1987    1.000
1988    1.139
1989    1.350
1990    1.160
1991    1.089
1992    1.299
1993    1.145
1994    1.360
1995    1.309
1996    1.333
1997    1.370
1998    1.383
1999    1.401
2000    1.315
2001    1.280
2002    1.061
2003    1.239
2004    1.172
2005    1.332
2006    1.102
2007    1.162
2008    1.399
2009    1.239
2010    1.286
2011    1.189
2012    1.232
2013    1.591
2014    1.490
2015    1.457
2016    1.399
2017    1.228
2018    1.192
2019    1.042
2020    1.334
