Year Observed_Sea_Ice_Extent_(x10^6 km^2)
1905 -999.900
1906 -999.900
1907 -999.900
1908 -999.900
1909 -999.900
1910 -999.900
1911 -999.900
1912 -999.900
1913 -999.900
1914 -999.900
1915 -999.900
1916 -999.900
1917 -999.900
1918 -999.900
1919 -999.900
1920 -999.900
1921 -999.900
1922 -999.900
1923 -999.900
1924 -999.900
1925 -999.900
1926 -999.900
1927 -999.900
1928 -999.900
1929 -999.900
1930 -999.900
1931 -999.900
1932 -999.900
1933 -999.900
1934 -999.900
1935 -999.900
1936 -999.900
1937 -999.900
1938 -999.900
1939 -999.900
1940 -999.900
1941 -999.900
1942 -999.900
1943 -999.900
1944 -999.900
1945 -999.900
1946 -999.900
1947 -999.900
1948 -999.900
1949 -999.900
1950 -999.900
1951 -999.900
1952 -999.900
1953 -999.900
1954 -999.900
1955 -999.900
1956 -999.900
1957 -999.900
1958 -999.900
1959 -999.900
1960 -999.900
1961 -999.900
1962 -999.900
1963 -999.900
1964 -999.900
1965 -999.900
1966 -999.900
1967 -999.900
1968 -999.900
1969 -999.900
1970 -999.900
1971 -999.900
1972 -999.900
1973 -999.900
1974 -999.900
1975 -999.900
1976 -999.900
1977 -999.900
1978 -999.900
1979    1.015
1980    0.958
1981    0.960
1982    1.116
1983    0.702
1984    1.200
1985    1.055
1986    1.367
1987    0.653
1988    1.373
1989    1.282
1990    1.229
1991    0.848
1992    1.041
1993    1.076
1994    1.043
1995    0.970
1996    1.012
1997    0.830
1998    0.846
1999    1.082
2000    1.093
2001    0.899
2002    1.253
2003    1.184
2004    1.163
2005    1.044
2006    0.946
2007    1.091
2008    1.399
2009    1.373
2010    1.191
2011    1.410
2012    1.400
2013    1.015
2014    1.314
2015    1.259
2016    0.895
2017    0.652
2018    0.641
2019    0.991
2020    0.909
