Year Observed_Sea_Ice_Extent_(x10^6 km^2)
1905 -999.900
1906 -999.900
1907 -999.900
1908 -999.900
1909 -999.900
1910 -999.900
1911 -999.900
1912 -999.900
1913 -999.900
1914 -999.900
1915 -999.900
1916 -999.900
1917 -999.900
1918 -999.900
1919 -999.900
1920 -999.900
1921 -999.900
1922 -999.900
1923 -999.900
1924 -999.900
1925 -999.900
1926 -999.900
1927 -999.900
1928 -999.900
1929 -999.900
1930 -999.900
1931 -999.900
1932 -999.900
1933 -999.900
1934 -999.900
1935 -999.900
1936 -999.900
1937 -999.900
1938 -999.900
1939 -999.900
1940 -999.900
1941 -999.900
1942 -999.900
1943 -999.900
1944 -999.900
1945 -999.900
1946 -999.900
1947 -999.900
1948 -999.900
1949 -999.900
1950 -999.900
1951 -999.900
1952 -999.900
1953 -999.900
1954 -999.900
1955 -999.900
1956 -999.900
1957 -999.900
1958 -999.900
1959 -999.900
1960 -999.900
1961 -999.900
1962 -999.900
1963 -999.900
1964 -999.900
1965 -999.900
1966 -999.900
1967 -999.900
1968 -999.900
1969 -999.900
1970 -999.900
1971 -999.900
1972 -999.900
1973 -999.900
1974 -999.900
1975 -999.900
1976 -999.900
1977 -999.900
1978 -999.900
1979    5.327
1980    5.425
1981    5.263
1982    4.943
1983    5.150
1984    5.274
1985    5.454
1986    4.754
1987    5.061
1988    5.591
1989    5.738
1990    4.661
1991    5.215
1992    5.820
1993    5.348
1994    5.389
1995    5.267
1996    4.712
1997    5.023
1998    5.202
1999    4.971
2000    5.213
2001    5.224
2002    5.361
2003    5.798
2004    5.958
2005    5.786
2006    5.555
2007    5.225
2008    5.504
2009    5.325
2010    5.824
2011    5.107
2012    5.398
2013    5.299
2014    5.577
2015    5.115
2016    5.192
2017    4.783
2018    5.230
2019    5.218
2020    5.466
