Year Observed_Sea_Ice_Extent_(x10^6 km^2)
1905 -999.900
1906 -999.900
1907 -999.900
1908 -999.900
1909 -999.900
1910 -999.900
1911 -999.900
1912 -999.900
1913 -999.900
1914 -999.900
1915 -999.900
1916 -999.900
1917 -999.900
1918 -999.900
1919 -999.900
1920 -999.900
1921 -999.900
1922 -999.900
1923 -999.900
1924 -999.900
1925 -999.900
1926 -999.900
1927 -999.900
1928 -999.900
1929 -999.900
1930 -999.900
1931 -999.900
1932 -999.900
1933 -999.900
1934 -999.900
1935 -999.900
1936 -999.900
1937 -999.900
1938 -999.900
1939 -999.900
1940 -999.900
1941 -999.900
1942 -999.900
1943 -999.900
1944 -999.900
1945 -999.900
1946 -999.900
1947 -999.900
1948 -999.900
1949 -999.900
1950 -999.900
1951 -999.900
1952 -999.900
1953 -999.900
1954 -999.900
1955 -999.900
1956 -999.900
1957 -999.900
1958 -999.900
1959 -999.900
1960 -999.900
1961 -999.900
1962 -999.900
1963 -999.900
1964 -999.900
1965 -999.900
1966 -999.900
1967 -999.900
1968 -999.900
1969 -999.900
1970 -999.900
1971 -999.900
1972 -999.900
1973 -999.900
1974 -999.900
1975 -999.900
1976 -999.900
1977 -999.900
1978 -999.900
1979    0.833
1980    0.645
1981    0.752
1982    0.881
1983    0.621
1984    0.839
1985    0.751
1986    0.823
1987    0.585
1988    0.676
1989    0.965
1990    0.983
1991    0.871
1992    0.662
1993    1.060
1994    0.933
1995    1.041
1996    0.902
1997    0.693
1998    0.749
1999    0.957
2000    1.285
2001    0.820
2002    0.856
2003    0.769
2004    0.878
2005    0.751
2006    0.918
2007    1.005
2008    1.182
2009    1.198
2010    0.871
2011    1.060
2012    1.143
2013    1.046
2014    1.266
2015    1.189
2016    0.757
2017    0.654
2018    0.724
2019    0.804
2020    0.810
