Year Observed_Sea_Ice_Extent_(x10^6 km^2)
1905 -999.900
1906 -999.900
1907 -999.900
1908 -999.900
1909 -999.900
1910 -999.900
1911 -999.900
1912 -999.900
1913 -999.900
1914 -999.900
1915 -999.900
1916 -999.900
1917 -999.900
1918 -999.900
1919 -999.900
1920 -999.900
1921 -999.900
1922 -999.900
1923 -999.900
1924 -999.900
1925 -999.900
1926 -999.900
1927 -999.900
1928 -999.900
1929 -999.900
1930 -999.900
1931 -999.900
1932 -999.900
1933 -999.900
1934 -999.900
1935 -999.900
1936 -999.900
1937 -999.900
1938 -999.900
1939 -999.900
1940 -999.900
1941 -999.900
1942 -999.900
1943 -999.900
1944 -999.900
1945 -999.900
1946 -999.900
1947 -999.900
1948 -999.900
1949 -999.900
1950 -999.900
1951 -999.900
1952 -999.900
1953 -999.900
1954 -999.900
1955 -999.900
1956 -999.900
1957 -999.900
1958 -999.900
1959 -999.900
1960 -999.900
1961 -999.900
1962 -999.900
1963 -999.900
1964 -999.900
1965 -999.900
1966 -999.900
1967 -999.900
1968 -999.900
1969 -999.900
1970 -999.900
1971 -999.900
1972 -999.900
1973 -999.900
1974 -999.900
1975 -999.900
1976 -999.900
1977 -999.900
1978 -999.900
1979    4.173
1980    3.913
1981    4.026
1982    3.930
1983    3.684
1984    3.851
1985    4.072
1986    3.663
1987    3.455
1988    3.994
1989    4.435
1990    3.728
1991    3.478
1992    3.943
1993    4.265
1994    4.106
1995    4.175
1996    3.893
1997    3.833
1998    3.939
1999    4.110
2000    4.179
2001    3.685
2002    3.717
2003    4.235
2004    4.633
2005    3.945
2006    4.642
2007    4.043
2008    4.107
2009    4.114
2010    4.664
2011    3.636
2012    4.314
2013    4.168
2014    4.465
2015    4.145
2016    3.839
2017    3.916
2018    3.612
2019    3.719
2020    4.137
