Year Observed_Sea_Ice_Extent_(x10^6 km^2)
1905 -999.900
1906 -999.900
1907 -999.900
1908 -999.900
1909 -999.900
1910 -999.900
1911 -999.900
1912 -999.900
1913 -999.900
1914 -999.900
1915 -999.900
1916 -999.900
1917 -999.900
1918 -999.900
1919 -999.900
1920 -999.900
1921 -999.900
1922 -999.900
1923 -999.900
1924 -999.900
1925 -999.900
1926 -999.900
1927 -999.900
1928 -999.900
1929 -999.900
1930 -999.900
1931 -999.900
1932 -999.900
1933 -999.900
1934 -999.900
1935 -999.900
1936 -999.900
1937 -999.900
1938 -999.900
1939 -999.900
1940 -999.900
1941 -999.900
1942 -999.900
1943 -999.900
1944 -999.900
1945 -999.900
1946 -999.900
1947 -999.900
1948 -999.900
1949 -999.900
1950 -999.900
1951 -999.900
1952 -999.900
1953 -999.900
1954 -999.900
1955 -999.900
1956 -999.900
1957 -999.900
1958 -999.900
1959 -999.900
1960 -999.900
1961 -999.900
1962 -999.900
1963 -999.900
1964 -999.900
1965 -999.900
1966 -999.900
1967 -999.900
1968 -999.900
1969 -999.900
1970 -999.900
1971 -999.900
1972 -999.900
1973 -999.900
1974 -999.900
1975 -999.900
1976 -999.900
1977 -999.900
1978 -999.900
1979    4.198
1980    4.213
1981    4.358
1982    4.302
1983    4.663
1984    4.680
1985    4.917
1986    4.270
1987    4.391
1988    4.670
1989    4.939
1990    4.805
1991    4.357
1992    4.456
1993    4.397
1994    4.480
1995    4.437
1996    5.052
1997    4.484
1998    5.172
1999    5.197
2000    4.977
2001    4.821
2002    4.368
2003    4.279
2004    4.462
2005    4.747
2006    4.647
2007    5.159
2008    4.941
2009    4.786
2010    5.128
2011    4.741
2012    4.732
2013    4.986
2014    4.960
2015    4.388
2016    4.565
2017    4.446
2018    4.596
2019    4.380
2020    4.747
