Year Observed_Sea_Ice_Extent_(x10^6 km^2)
1905 -999.900
1906 -999.900
1907 -999.900
1908 -999.900
1909 -999.900
1910 -999.900
1911 -999.900
1912 -999.900
1913 -999.900
1914 -999.900
1915 -999.900
1916 -999.900
1917 -999.900
1918 -999.900
1919 -999.900
1920 -999.900
1921 -999.900
1922 -999.900
1923 -999.900
1924 -999.900
1925 -999.900
1926 -999.900
1927 -999.900
1928 -999.900
1929 -999.900
1930 -999.900
1931 -999.900
1932 -999.900
1933 -999.900
1934 -999.900
1935 -999.900
1936 -999.900
1937 -999.900
1938 -999.900
1939 -999.900
1940 -999.900
1941 -999.900
1942 -999.900
1943 -999.900
1944 -999.900
1945 -999.900
1946 -999.900
1947 -999.900
1948 -999.900
1949 -999.900
1950 -999.900
1951 -999.900
1952 -999.900
1953 -999.900
1954 -999.900
1955 -999.900
1956 -999.900
1957 -999.900
1958 -999.900
1959 -999.900
1960 -999.900
1961 -999.900
1962 -999.900
1963 -999.900
1964 -999.900
1965 -999.900
1966 -999.900
1967 -999.900
1968 -999.900
1969 -999.900
1970 -999.900
1971 -999.900
1972 -999.900
1973 -999.900
1974 -999.900
1975 -999.900
1976 -999.900
1977 -999.900
1978 -999.900
1979    4.509
1980    3.272
1981    4.279
1982    4.248
1983    4.250
1984    4.424
1985    4.400
1986    3.827
1987    4.118
1988    4.406
1989    4.513
1990    4.533
1991    4.143
1992    3.867
1993    4.031
1994    4.213
1995    3.967
1996    4.639
1997    4.297
1998    4.574
1999    4.786
2000    4.828
2001    4.383
2002    4.219
2003    4.412
2004    4.264
2005    4.121
2006    4.198
2007    4.445
2008    4.652
2009    4.767
2010    4.800
2011    4.473
2012    4.325
2013    4.832
2014    4.679
2015    4.440
2016    4.327
2017    4.054
2018    4.526
2019    4.076
2020    4.351
