Year Observed_Sea_Ice_Extent_(x10^6 km^2)
1905 -999.900
1906 -999.900
1907 -999.900
1908 -999.900
1909 -999.900
1910 -999.900
1911 -999.900
1912 -999.900
1913 -999.900
1914 -999.900
1915 -999.900
1916 -999.900
1917 -999.900
1918 -999.900
1919 -999.900
1920 -999.900
1921 -999.900
1922 -999.900
1923 -999.900
1924 -999.900
1925 -999.900
1926 -999.900
1927 -999.900
1928 -999.900
1929 -999.900
1930 -999.900
1931 -999.900
1932 -999.900
1933 -999.900
1934 -999.900
1935 -999.900
1936 -999.900
1937 -999.900
1938 -999.900
1939 -999.900
1940 -999.900
1941 -999.900
1942 -999.900
1943 -999.900
1944 -999.900
1945 -999.900
1946 -999.900
1947 -999.900
1948 -999.900
1949 -999.900
1950 -999.900
1951 -999.900
1952 -999.900
1953 -999.900
1954 -999.900
1955 -999.900
1956 -999.900
1957 -999.900
1958 -999.900
1959 -999.900
1960 -999.900
1961 -999.900
1962 -999.900
1963 -999.900
1964 -999.900
1965 -999.900
1966 -999.900
1967 -999.900
1968 -999.900
1969 -999.900
1970 -999.900
1971 -999.900
1972 -999.900
1973 -999.900
1974 -999.900
1975 -999.900
1976 -999.900
1977 -999.900
1978 -999.900
1979    1.750
1980    1.201
1981    1.675
1982    2.202
1983    1.683
1984    1.829
1985    1.945
1986    2.391
1987    2.051
1988    2.278
1989    1.979
1990    1.871
1991    1.975
1992    1.425
1993    1.820
1994    1.719
1995    1.781
1996    2.169
1997    1.703
1998    1.880
1999    2.552
2000    2.302
2001    2.024
2002    2.282
2003    1.921
2004    1.885
2005    1.656
2006    1.453
2007    1.794
2008    2.429
2009    2.100
2010    1.735
2011    1.953
2012    1.804
2013    1.843
2014    1.821
2015    2.332
2016    1.489
2017    1.197
2018    1.663
2019    1.398
2020    1.657
