Year Observed_Sea_Ice_Extent_(x10^6 km^2)
1905 -999.900
1906 -999.900
1907 -999.900
1908 -999.900
1909 -999.900
1910 -999.900
1911 -999.900
1912 -999.900
1913 -999.900
1914 -999.900
1915 -999.900
1916 -999.900
1917 -999.900
1918 -999.900
1919 -999.900
1920 -999.900
1921 -999.900
1922 -999.900
1923 -999.900
1924 -999.900
1925 -999.900
1926 -999.900
1927 -999.900
1928 -999.900
1929 -999.900
1930 -999.900
1931 -999.900
1932 -999.900
1933 -999.900
1934 -999.900
1935 -999.900
1936 -999.900
1937 -999.900
1938 -999.900
1939 -999.900
1940 -999.900
1941 -999.900
1942 -999.900
1943 -999.900
1944 -999.900
1945 -999.900
1946 -999.900
1947 -999.900
1948 -999.900
1949 -999.900
1950 -999.900
1951 -999.900
1952 -999.900
1953 -999.900
1954 -999.900
1955 -999.900
1956 -999.900
1957 -999.900
1958 -999.900
1959 -999.900
1960 -999.900
1961 -999.900
1962 -999.900
1963 -999.900
1964 -999.900
1965 -999.900
1966 -999.900
1967 -999.900
1968 -999.900
1969 -999.900
1970 -999.900
1971 -999.900
1972 -999.900
1973 -999.900
1974 -999.900
1975 -999.900
1976 -999.900
1977 -999.900
1978 -999.900
1979    2.270
1980    1.423
1981    2.026
1982    2.715
1983    2.265
1984    2.274
1985    2.657
1986    2.701
1987    2.744
1988    2.646
1989    2.324
1990    2.529
1991    2.378
1992    1.781
1993    2.284
1994    2.336
1995    2.342
1996    2.869
1997    2.196
1998    2.542
1999    2.952
2000    2.620
2001    2.597
2002    2.363
2003    2.498
2004    2.472
2005    2.609
2006    2.219
2007    2.245
2008    2.806
2009    2.811
2010    2.267
2011    1.975
2012    2.268
2013    2.665
2014    2.528
2015    2.641
2016    2.175
2017    1.469
2018    2.139
2019    1.973
2020    2.345
