Year Observed_Sea_Ice_Extent_(x10^6 km^2)
1905 -999.900
1906 -999.900
1907 -999.900
1908 -999.900
1909 -999.900
1910 -999.900
1911 -999.900
1912 -999.900
1913 -999.900
1914 -999.900
1915 -999.900
1916 -999.900
1917 -999.900
1918 -999.900
1919 -999.900
1920 -999.900
1921 -999.900
1922 -999.900
1923 -999.900
1924 -999.900
1925 -999.900
1926 -999.900
1927 -999.900
1928 -999.900
1929 -999.900
1930 -999.900
1931 -999.900
1932 -999.900
1933 -999.900
1934 -999.900
1935 -999.900
1936 -999.900
1937 -999.900
1938 -999.900
1939 -999.900
1940 -999.900
1941 -999.900
1942 -999.900
1943 -999.900
1944 -999.900
1945 -999.900
1946 -999.900
1947 -999.900
1948 -999.900
1949 -999.900
1950 -999.900
1951 -999.900
1952 -999.900
1953 -999.900
1954 -999.900
1955 -999.900
1956 -999.900
1957 -999.900
1958 -999.900
1959 -999.900
1960 -999.900
1961 -999.900
1962 -999.900
1963 -999.900
1964 -999.900
1965 -999.900
1966 -999.900
1967 -999.900
1968 -999.900
1969 -999.900
1970 -999.900
1971 -999.900
1972 -999.900
1973 -999.900
1974 -999.900
1975 -999.900
1976 -999.900
1977 -999.900
1978 -999.900
1979   16.331
1980   15.467
1981   15.843
1982   15.961
1983   15.377
1984   16.094
1985   15.940
1986   15.294
1987   15.419
1988   15.860
1989   15.870
1990   15.704
1991   15.799
1992   15.857
1993   15.847
1994   16.240
1995   15.964
1996   16.214
1997   15.925
1998   16.050
1999   16.301
2000   16.415
2001   15.884
2002   15.305
2003   16.293
2004   16.347
2005   16.134
2006   16.180
2007   15.964
2008   16.204
2009   16.371
2010   16.874
2011   15.924
2012   16.231
2013   16.812
2014   17.161
2015   16.578
2016   16.021
2017   15.228
2018   15.590
2019   15.301
2020   15.857
