Year Observed_Sea_Ice_Extent_(x10^6 km^2)
1905 -999.900
1906 -999.900
1907 -999.900
1908 -999.900
1909 -999.900
1910 -999.900
1911 -999.900
1912 -999.900
1913 -999.900
1914 -999.900
1915 -999.900
1916 -999.900
1917 -999.900
1918 -999.900
1919 -999.900
1920 -999.900
1921 -999.900
1922 -999.900
1923 -999.900
1924 -999.900
1925 -999.900
1926 -999.900
1927 -999.900
1928 -999.900
1929 -999.900
1930 -999.900
1931 -999.900
1932 -999.900
1933 -999.900
1934 -999.900
1935 -999.900
1936 -999.900
1937 -999.900
1938 -999.900
1939 -999.900
1940 -999.900
1941 -999.900
1942 -999.900
1943 -999.900
1944 -999.900
1945 -999.900
1946 -999.900
1947 -999.900
1948 -999.900
1949 -999.900
1950 -999.900
1951 -999.900
1952 -999.900
1953 -999.900
1954 -999.900
1955 -999.900
1956 -999.900
1957 -999.900
1958 -999.900
1959 -999.900
1960 -999.900
1961 -999.900
1962 -999.900
1963 -999.900
1964 -999.900
1965 -999.900
1966 -999.900
1967 -999.900
1968 -999.900
1969 -999.900
1970 -999.900
1971 -999.900
1972 -999.900
1973 -999.900
1974 -999.900
1975 -999.900
1976 -999.900
1977 -999.900
1978 -999.900
1979    7.522
1980    5.981
1981    6.384
1982    7.682
1983    6.881
1984    6.823
1985    6.914
1986    6.893
1987    7.030
1988    6.907
1989    7.047
1990    7.110
1991    7.256
1992    6.984
1993    7.039
1994    7.605
1995    7.657
1996    7.676
1997    6.900
1998    7.316
1999    7.271
2000    7.628
2001    7.566
2002    6.763
2003    7.661
2004    7.651
2005    7.339
2006    6.422
2007    6.837
2008    8.352
2009    7.920
2010    7.229
2011    6.715
2012    7.636
2013    8.026
2014    8.457
2015    8.541
2016    7.324
2017    5.858
2018    6.472
2019    6.067
2020    7.025
