Year Observed_Sea_Ice_Extent_(x10^6 km^2)
1905 -999.900
1906 -999.900
1907 -999.900
1908 -999.900
1909 -999.900
1910 -999.900
1911 -999.900
1912 -999.900
1913 -999.900
1914 -999.900
1915 -999.900
1916 -999.900
1917 -999.900
1918 -999.900
1919 -999.900
1920 -999.900
1921 -999.900
1922 -999.900
1923 -999.900
1924 -999.900
1925 -999.900
1926 -999.900
1927 -999.900
1928 -999.900
1929 -999.900
1930 -999.900
1931 -999.900
1932 -999.900
1933 -999.900
1934 -999.900
1935 -999.900
1936 -999.900
1937 -999.900
1938 -999.900
1939 -999.900
1940 -999.900
1941 -999.900
1942 -999.900
1943 -999.900
1944 -999.900
1945 -999.900
1946 -999.900
1947 -999.900
1948 -999.900
1949 -999.900
1950 -999.900
1951 -999.900
1952 -999.900
1953 -999.900
1954 -999.900
1955 -999.900
1956 -999.900
1957 -999.900
1958 -999.900
1959 -999.900
1960 -999.900
1961 -999.900
1962 -999.900
1963 -999.900
1964 -999.900
1965 -999.900
1966 -999.900
1967 -999.900
1968 -999.900
1969 -999.900
1970 -999.900
1971 -999.900
1972 -999.900
1973 -999.900
1974 -999.900
1975 -999.900
1976 -999.900
1977 -999.900
1978 -999.900
1979   17.378
1980   18.080
1981   17.942
1982   17.545
1983   17.800
1984   17.640
1985   18.030
1986   16.994
1987   17.510
1988   17.971
1989   17.466
1990   17.475
1991   17.563
1992   17.610
1993   17.834
1994   17.798
1995   17.617
1996   17.686
1997   17.747
1998   18.222
1999   17.947
2000   17.873
2001   17.428
2002   17.341
2003   17.806
2004   18.086
2005   18.148
2006   18.277
2007   18.021
2008   17.712
2009   17.921
2010   18.314
2011   17.816
2012   18.206
2013   18.678
2014   18.639
2015   17.921
2016   16.861
2017   17.169
2018   17.179
2019   17.315
2020   18.068
