Year Observed_Sea_Ice_Extent_(x10^6 km^2)
1905 -999.900
1906 -999.900
1907 -999.900
1908 -999.900
1909 -999.900
1910 -999.900
1911 -999.900
1912 -999.900
1913 -999.900
1914 -999.900
1915 -999.900
1916 -999.900
1917 -999.900
1918 -999.900
1919 -999.900
1920 -999.900
1921 -999.900
1922 -999.900
1923 -999.900
1924 -999.900
1925 -999.900
1926 -999.900
1927 -999.900
1928 -999.900
1929 -999.900
1930 -999.900
1931 -999.900
1932 -999.900
1933 -999.900
1934 -999.900
1935 -999.900
1936 -999.900
1937 -999.900
1938 -999.900
1939 -999.900
1940 -999.900
1941 -999.900
1942 -999.900
1943 -999.900
1944 -999.900
1945 -999.900
1946 -999.900
1947 -999.900
1948 -999.900
1949 -999.900
1950 -999.900
1951 -999.900
1952 -999.900
1953 -999.900
1954 -999.900
1955 -999.900
1956 -999.900
1957 -999.900
1958 -999.900
1959 -999.900
1960 -999.900
1961 -999.900
1962 -999.900
1963 -999.900
1964 -999.900
1965 -999.900
1966 -999.900
1967 -999.900
1968 -999.900
1969 -999.900
1970 -999.900
1971 -999.900
1972 -999.900
1973 -999.900
1974 -999.900
1975 -999.900
1976 -999.900
1977 -999.900
1978 -999.900
1979    6.576
1980    5.781
1981    6.100
1982    6.765
1983    5.982
1984    6.278
1985    6.259
1986    7.011
1987    6.145
1988    6.868
1989    6.500
1990    6.107
1991    6.411
1992    6.060
1993    5.939
1994    6.253
1995    6.648
1996    6.715
1997    5.582
1998    6.069
1999    6.316
2000    6.354
2001    6.457
2002    6.260
2003    6.927
2004    6.757
2005    6.130
2006    5.634
2007    5.977
2008    7.612
2009    6.918
2010    6.383
2011    6.250
2012    6.967
2013    6.688
2014    7.445
2015    7.689
2016    6.186
2017    4.842
2018    5.440
2019    5.369
2020    5.706
