Year Observed_Sea_Ice_Extent_(x10^6 km^2)
1905 -999.900
1906 -999.900
1907 -999.900
1908 -999.900
1909 -999.900
1910 -999.900
1911 -999.900
1912 -999.900
1913 -999.900
1914 -999.900
1915 -999.900
1916 -999.900
1917 -999.900
1918 -999.900
1919 -999.900
1920 -999.900
1921 -999.900
1922 -999.900
1923 -999.900
1924 -999.900
1925 -999.900
1926 -999.900
1927 -999.900
1928 -999.900
1929 -999.900
1930 -999.900
1931 -999.900
1932 -999.900
1933 -999.900
1934 -999.900
1935 -999.900
1936 -999.900
1937 -999.900
1938 -999.900
1939 -999.900
1940 -999.900
1941 -999.900
1942 -999.900
1943 -999.900
1944 -999.900
1945 -999.900
1946 -999.900
1947 -999.900
1948 -999.900
1949 -999.900
1950 -999.900
1951 -999.900
1952 -999.900
1953 -999.900
1954 -999.900
1955 -999.900
1956 -999.900
1957 -999.900
1958 -999.900
1959 -999.900
1960 -999.900
1961 -999.900
1962 -999.900
1963 -999.900
1964 -999.900
1965 -999.900
1966 -999.900
1967 -999.900
1968 -999.900
1969 -999.900
1970 -999.900
1971 -999.900
1972 -999.900
1973 -999.900
1974 -999.900
1975 -999.900
1976 -999.900
1977 -999.900
1978 -999.900
1979    2.166
1980    2.047
1981    1.850
1982    1.876
1983    2.056
1984    1.867
1985    1.810
1986    1.895
1987    1.944
1988    1.781
1989    1.983
1990    1.838
1991    2.190
1992    2.348
1993    1.874
1994    2.082
1995    2.404
1996    2.085
1997    1.744
1998    1.999
1999    1.455
2000    1.680
2001    2.142
2002    1.529
2003    2.622
2004    2.372
2005    1.944
2006    1.913
2007    1.814
2008    2.374
2009    2.153
2010    2.183
2011    1.611
2012    2.375
2013    2.349
2014    2.588
2015    2.663
2016    2.241
2017    1.665
2018    1.845
2019    1.718
2020    1.787
