Year Observed_Sea_Ice_Extent_(x10^6 km^2)
1905 -999.900
1906 -999.900
1907 -999.900
1908 -999.900
1909 -999.900
1910 -999.900
1911 -999.900
1912 -999.900
1913 -999.900
1914 -999.900
1915 -999.900
1916 -999.900
1917 -999.900
1918 -999.900
1919 -999.900
1920 -999.900
1921 -999.900
1922 -999.900
1923 -999.900
1924 -999.900
1925 -999.900
1926 -999.900
1927 -999.900
1928 -999.900
1929 -999.900
1930 -999.900
1931 -999.900
1932 -999.900
1933 -999.900
1934 -999.900
1935 -999.900
1936 -999.900
1937 -999.900
1938 -999.900
1939 -999.900
1940 -999.900
1941 -999.900
1942 -999.900
1943 -999.900
1944 -999.900
1945 -999.900
1946 -999.900
1947 -999.900
1948 -999.900
1949 -999.900
1950 -999.900
1951 -999.900
1952 -999.900
1953 -999.900
1954 -999.900
1955 -999.900
1956 -999.900
1957 -999.900
1958 -999.900
1959 -999.900
1960 -999.900
1961 -999.900
1962 -999.900
1963 -999.900
1964 -999.900
1965 -999.900
1966 -999.900
1967 -999.900
1968 -999.900
1969 -999.900
1970 -999.900
1971 -999.900
1972 -999.900
1973 -999.900
1974 -999.900
1975 -999.900
1976 -999.900
1977 -999.900
1978 -999.900
1979    3.820
1980    4.388
1981    3.891
1982    3.561
1983    3.523
1984    3.823
1985    3.656
1986    3.639
1987    4.073
1988    3.803
1989    3.425
1990    3.412
1991    4.239
1992    4.349
1993    3.565
1994    3.933
1995    3.943
1996    3.681
1997    3.704
1998    3.830
1999    3.244
2000    3.484
2001    3.973
2002    3.579
2003    3.780
2004    3.791
2005    3.850
2006    3.616
2007    3.778
2008    3.723
2009    3.647
2010    3.615
2011    3.603
2012    3.649
2013    3.544
2014    3.783
2015    3.839
2016    4.026
2017    3.579
2018    3.556
2019    3.737
2020    3.803
