 Year Amundsen_Bellingshausen DJF
1905.000   0.454   0.538   0.576   0.638   0.549
1906.000   0.530   0.695   0.570   0.584   0.585
1907.000   0.547   0.403   0.470   0.528   0.522
1908.000   0.541   0.517   0.431   0.473   0.650
1909.000   0.525   0.479   0.540   0.537   0.455
1910.000   0.557   0.518   0.532   0.535   0.542
1911.000   0.542   0.570   0.526   0.514   0.390
1912.000   0.567   0.558   0.647   0.688   0.633
1913.000   0.526   0.675   0.565   0.599   0.498
1914.000   0.464   0.645   0.578   0.575   0.500
1915.000   0.556   0.504   0.561   0.641   0.683
1916.000   0.426   0.331   0.516   0.538   0.465
1917.000   0.558   0.443   0.532   0.581   0.477
1918.000   0.442   0.324   0.498   0.508   0.409
1919.000   0.467   0.350   0.569   0.597   0.616
1920.000   0.463   0.476   0.497   0.468   0.550
1921.000   0.551   0.366   0.471   0.485   0.497
1922.000   0.551   0.486   0.486   0.500   0.498
1923.000   0.523   0.522   0.667   0.673   0.745
1924.000   0.568   0.646   0.579   0.696   0.605
1925.000   0.535   0.677   0.591   0.582   0.593
1926.000   0.586   0.592   0.636   0.560   0.670
1927.000   0.463   0.531   0.505   0.514   0.529
1928.000   0.454   0.355   0.381   0.450   0.406
1929.000   0.532   0.465   0.547   0.511   0.531
1930.000   0.565   0.592   0.595   0.624   0.520
1931.000   0.555   0.430   0.545   0.521   0.562
1932.000   0.622   0.618   0.609   0.577   0.597
1933.000   0.634   0.704   0.597   0.622   0.627
1934.000   0.504   0.586   0.486   0.448   0.487
1935.000   0.585   0.668   0.504   0.533   0.615
1936.000   0.526   0.400   0.461   0.418   0.521
1937.000   0.574   0.529   0.568   0.541   0.576
1938.000   0.610   0.632   0.500   0.566   0.481
1939.000   0.587   0.582   0.624   0.656   0.557
1940.000   0.611   0.602   0.673   0.608   0.724
1941.000   0.527   0.429   0.460   0.471   0.560
1942.000   0.554   0.573   0.581   0.584   0.596
1943.000   0.475   0.472   0.588   0.602   0.558
1944.000   0.543   0.497   0.565   0.584   0.569
1945.000   0.461   0.363   0.613   0.619   0.570
1946.000   0.509   0.627   0.554   0.613   0.521
1947.000   0.518   0.535   0.528   0.509   0.584
1948.000   0.558   0.642   0.486   0.484   0.514
1949.000   0.527   0.771   0.573   0.579   0.584
1950.000   0.609   0.575   0.596   0.537   0.550
1951.000   0.553   0.728   0.478   0.548   0.538
1952.000   0.447   0.639   0.597   0.542   0.537
1953.000   0.586   0.644   0.540   0.534   0.500
1954.000   0.533   0.586   0.487   0.516   0.489
1955.000   0.642   0.599   0.501   0.432   0.506
1956.000   0.547   0.520   0.447   0.387   0.463
1957.000   0.563   0.687   0.604   0.535   0.659
1958.000   0.520   0.536   0.556   0.513   0.531
1959.000   0.537   0.571   0.463   0.498   0.419
1960.000   0.584   0.496   0.526   0.522   0.459
1961.000   0.593   0.617   0.502   0.407   0.502
1962.000   0.564   0.663   0.434   0.442   0.479
1963.000   0.457   0.406   0.423   0.407   0.324
1964.000   0.604   0.761   0.542   0.534   0.709
1965.000   0.528   0.541   0.588   0.469   0.710
1966.000   0.525   0.548   0.431   0.470   0.450
1967.000   0.562   0.625   0.517   0.530   0.608
1968.000   0.595   0.646   0.545   0.542   0.533
1969.000   0.545   0.564   0.499   0.490   0.460
1970.000   0.605   0.560   0.505   0.518   0.498
1971.000   0.539   0.424   0.429   0.461   0.444
1972.000   0.532   0.441   0.441   0.364   0.339
1973.000   0.553   0.564   0.514   0.530   0.580
1974.000   0.536   0.510   0.455   0.445   0.489
1975.000   0.649   0.850   0.574   0.528   0.613
1976.000   0.558   0.552   0.515   0.481   0.526
1977.000   0.659   0.582   0.617   0.613   0.699
1978.000   0.555   0.611   0.498   0.517   0.481
1979.000   0.623   0.678   0.588   0.569   0.615
1980.000   0.633   0.669   0.615   0.567   0.678
1981.000   0.593   0.547   0.470   0.498   0.482
1982.000   0.635   0.660   0.532   0.584   0.553
1983.000   0.592   0.576   0.567   0.626   0.601
1984.000   0.538   0.531   0.532   0.566   0.529
1985.000   0.540   0.484   0.588   0.597   0.593
1986.000   0.599   0.473   0.552   0.604   0.599
1987.000   0.542   0.567   0.533   0.571   0.553
1988.000   0.468   0.567   0.532   0.521   0.535
1989.000   0.424   0.357   0.487   0.466   0.416
1990.000   0.467   0.390   0.471   0.435   0.426
1991.000   0.522   0.470   0.565   0.573   0.517
1992.000   0.396   0.369   0.515   0.485   0.538
1993.000   0.448   0.350   0.504   0.415   0.508
1994.000   0.448   0.522   0.482   0.533   0.502
1995.000   0.382   0.418   0.392   0.334   0.441
1996.000   0.460   0.363   0.454   0.423   0.329
1997.000   0.413   0.294   0.472   0.430   0.396
1998.000   0.377   0.357   0.433   0.487   0.476
1999.000   0.421   0.379   0.426   0.416   0.399
2000.000   0.498   0.447   0.459   0.419   0.401
2001.000   0.479   0.427   0.519   0.489   0.529
2002.000   0.497   0.466   0.565   0.542   0.531
2003.000   0.335   0.358   0.429   0.409   0.369
2004.000   0.473   0.430   0.560   0.568   0.473
2005.000   0.459   0.528   0.555   0.544   0.568
2006.000   0.474   0.431   0.543   0.546   0.499
2007.000   0.421   0.398   0.373   0.411   0.315
2008.000   0.313   0.326   0.429   0.423   0.369
2009.000   0.345   0.419   0.516   0.483   0.397
2010.000   0.401   0.375   0.404   0.423   0.368
2011.000   0.488   0.496   0.491   0.487   0.483
2012.000   0.479   0.412   0.439   0.452   0.384
2013.000   0.423   0.419   0.435   0.442   0.488
2014.000   0.523   0.529   0.526   0.521   0.519
2015.000   0.399   0.338   0.386   0.426   0.332
2016.000   0.556   0.545   0.448   0.448   0.504
2017.000   0.507   0.440   0.572   0.531   0.572
2018.000   0.552   0.485   0.520   0.555   0.496
2019.000   0.457   0.542   0.496   0.540   0.529
2020.000   0.441   0.499   0.515   0.488   0.464
