 Year Amundsen_Bellingshausen SON
1905.000   1.499   1.274   1.252   1.297   1.336   1.475   1.572   1.433   1.554   1.429   1.433   1.691   1.669   1.468   1.444   1.416   1.470   1.388   1.399   1.347
1906.000   1.141   1.204   1.228   1.217   1.266   1.324   1.344   1.333   1.345   1.279   1.232   1.266   1.344   1.217   1.345   1.262   1.371   1.183   1.147   1.165
1907.000   1.107   1.115   1.178   1.118   1.108   1.155   1.172   1.146   1.079   1.044   0.961   1.138   1.140   1.213   1.134   0.984   1.073   0.960   1.007   0.986
1908.000   1.202   1.162   1.211   1.165   1.224   1.309   1.378   1.308   1.292   1.122   1.139   1.227   1.244   1.181   1.195   1.162   1.267   1.327   1.296   1.257
1909.000   1.211   1.258   1.257   1.276   1.315   1.283   1.295   1.297   1.361   1.412   1.402   1.553   1.552   1.431   1.266   1.172   1.290   1.243   1.175   1.119
1910.000   1.306   1.473   1.419   1.348   1.417   1.430   1.338   1.346   1.392   1.575   1.563   1.525   1.629   1.374   1.423   1.397   1.348   1.521   1.175   1.228
1911.000   1.123   1.016   1.022   1.071   1.025   1.035   1.026   1.041   1.129   1.188   1.228   1.217   1.230   1.150   1.315   1.059   1.059   1.181   1.121   1.217
1912.000   1.147   1.093   1.186   1.147   1.104   1.191   1.275   1.220   1.178   1.126   1.021   1.238   1.194   1.280   1.195   1.066   1.085   1.023   1.153   1.138
1913.000   1.211   1.209   1.156   1.256   1.302   1.318   1.349   1.305   1.203   1.120   1.163   1.455   1.462   1.404   1.288   1.171   1.223   1.277   1.261   1.286
1914.000   1.268   1.145   1.192   1.253   1.319   1.336   1.281   1.314   1.188   1.023   1.109   1.121   1.147   1.232   1.341   1.230   1.285   1.419   1.475   1.481
1915.000   1.266   1.397   1.263   1.362   1.327   1.273   1.355   1.282   1.531   1.789   1.760   1.691   1.706   1.222   1.435   1.353   1.617   1.603   1.299   1.201
1916.000   1.062   1.057   1.034   1.119   1.073   1.082   1.100   1.173   1.120   1.340   1.243   1.375   1.276   1.116   1.130   1.006   1.231   0.937   1.127   0.910
1917.000   1.122   1.402   1.316   1.352   1.349   1.340   1.336   1.258   1.189   1.392   1.443   1.315   1.438   1.237   1.300   1.182   1.431   1.351   1.037   1.210
1918.000   1.226   1.057   1.068   1.071   1.084   1.146   1.074   1.133   1.249   1.208   1.245   1.193   1.259   1.149   1.316   1.171   1.182   1.109   1.115   1.229
1919.000   1.406   1.238   1.191   1.271   1.215   1.228   1.250   1.248   1.071   1.002   0.921   1.137   1.123   1.296   1.141   1.085   0.947   1.121   1.331   1.430
1920.000   1.476   1.405   1.425   1.358   1.318   1.360   1.362   1.266   1.563   1.894   1.844   1.657   1.716   1.367   1.609   1.395   1.638   1.549   1.275   1.254
1921.000   1.091   1.164   1.032   1.029   1.018   0.978   1.005   1.028   1.281   1.161   1.133   1.272   1.313   1.147   1.224   1.105   0.931   0.925   1.040   1.068
1922.000   1.255   1.182   1.178   1.146   1.190   1.168   1.221   1.232   1.382   1.524   1.518   1.474   1.509   1.342   1.289   1.113   1.335   1.347   1.229   1.259
1923.000   1.227   1.124   1.129   1.078   1.038   1.006   1.055   1.117   1.263   1.209   1.235   1.230   1.195   1.201   1.158   1.130   1.215   1.409   1.058   1.104
1924.000   1.008   0.845   0.822   0.852   0.852   0.826   0.901   0.917   0.767   0.676   0.705   0.781   0.803   0.999   0.850   0.863   0.703   0.543   0.857   0.862
1925.000   1.276   1.210   1.232   1.188   1.168   1.225   1.249   1.291   1.321   1.168   1.111   1.409   1.318   1.343   1.148   1.099   1.001   0.970   1.236   1.280
1926.000   1.310   1.297   1.341   1.365   1.351   1.335   1.347   1.286   1.433   1.559   1.432   1.362   1.354   1.195   1.345   1.193   1.644   1.494   1.235   1.187
1927.000   1.286   1.395   1.477   1.479   1.430   1.400   1.352   1.373   1.516   1.747   1.735   1.462   1.557   1.282   1.622   1.433   1.557   1.584   1.377   1.386
1928.000   1.015   1.146   1.074   1.152   1.088   1.090   1.139   1.062   0.996   1.158   1.073   1.070   1.057   1.094   0.968   1.023   0.832   0.752   1.060   1.116
1929.000   1.258   1.372   1.421   1.530   1.498   1.548   1.565   1.450   1.487   1.698   1.665   1.523   1.569   1.351   1.515   1.340   1.471   1.356   1.421   1.430
1930.000   1.206   1.176   1.221   1.190   1.177   1.277   1.246   1.159   1.233   1.180   1.135   1.128   1.214   1.229   1.258   1.121   0.996   0.764   1.191   1.251
1931.000   1.215   1.169   1.253   1.262   1.151   1.199   1.200   1.084   1.112   1.129   1.099   1.113   1.151   1.124   1.286   1.199   1.180   1.130   1.094   1.091
1932.000   1.218   1.109   1.273   1.230   1.214   1.106   1.183   1.212   1.108   1.291   1.179   1.036   0.989   1.069   1.297   1.161   1.240   1.367   1.295   1.246
1933.000   1.275   1.199   1.272   1.278   1.257   1.129   1.169   1.177   1.325   1.354   1.274   1.192   1.193   1.128   1.231   1.234   1.314   1.324   1.198   1.210
1934.000   1.332   1.322   1.266   1.109   1.149   1.035   1.045   1.116   1.179   1.256   1.236   1.193   1.218   1.173   1.149   1.183   0.941   1.482   1.164   1.221
1935.000   1.197   1.195   1.240   1.148   1.188   1.133   1.168   1.211   1.143   1.021   0.922   0.914   0.894   1.131   0.963   1.202   0.888   0.972   1.177   1.160
1936.000   1.363   1.359   1.278   1.119   1.097   1.050   1.059   1.131   1.181   1.161   1.130   1.277   1.334   1.307   1.340   1.288   1.192   1.441   1.118   1.072
1937.000   1.152   1.123   1.183   1.106   1.124   0.969   1.015   1.044   1.120   1.031   1.010   0.915   0.943   1.009   1.090   1.168   0.950   0.923   1.054   1.094
1938.000   1.153   1.323   1.443   1.397   1.380   1.342   1.318   1.316   1.351   1.528   1.506   1.294   1.353   1.251   1.420   1.408   1.318   1.692   1.391   1.523
1939.000   1.550   1.456   1.517   1.488   1.430   1.361   1.333   1.323   1.386   1.332   1.253   1.318   1.271   1.439   1.369   1.538   1.563   1.497   1.182   1.128
1940.000   1.115   1.160   1.096   1.107   1.058   0.999   1.006   0.933   1.184   1.061   1.117   0.986   1.118   1.043   1.296   1.306   1.168   1.328   1.260   1.257
1941.000   1.192   1.309   1.261   1.243   1.207   1.138   1.199   1.182   1.093   1.135   1.160   1.134   1.107   1.162   1.213   1.134   0.949   1.210   1.321   1.324
1942.000   1.113   1.209   1.163   1.162   1.066   1.007   0.999   1.031   1.266   1.528   1.491   1.242   1.323   1.073   1.229   1.064   1.491   1.375   0.978   0.998
1943.000   1.280   1.074   1.189   1.207   1.164   1.180   1.207   1.208   1.041   1.100   1.083   1.022   0.973   1.237   1.160   1.065   1.179   1.082   1.079   1.114
1944.000   1.146   1.218   1.189   1.281   1.285   1.198   1.216   1.189   1.526   1.846   1.826   1.367   1.495   1.078   1.491   1.385   1.808   1.719   1.352   1.336
1945.000   1.271   1.419   1.392   1.430   1.472   1.352   1.315   1.353   1.253   1.432   1.384   1.334   1.269   1.256   1.170   1.192   1.311   1.014   1.179   1.181
1946.000   1.382   1.454   1.456   1.606   1.446   1.404   1.348   1.276   1.284   1.481   1.409   1.384   1.386   1.382   1.420   1.243   1.709   1.321   1.164   1.273
1947.000   1.105   1.220   1.152   1.266   1.187   1.168   1.171   1.088   0.919   0.895   0.907   1.072   1.068   1.156   1.089   1.061   1.089   0.818   0.937   0.907
1948.000   1.120   1.150   1.166   1.239   1.216   1.120   1.185   1.098   1.208   1.295   1.228   1.148   1.195   1.200   1.210   1.168   1.320   1.436   1.111   1.116
1949.000   0.956   1.075   1.072   1.082   1.025   0.939   0.984   0.946   0.869   0.906   0.880   0.947   0.960   1.109   1.077   1.074   0.833   1.003   1.100   1.117
1950.000   1.054   1.149   1.201   1.120   1.212   1.143   1.121   1.138   1.113   1.168   1.183   0.886   0.879   1.024   0.947   1.138   0.987   1.036   1.271   1.250
1951.000   1.452   1.522   1.426   1.453   1.469   1.301   1.318   1.382   1.541   1.849   1.871   1.415   1.481   1.271   1.566   1.488   1.633   1.860   1.454   1.488
1952.000   1.119   1.163   1.073   1.034   0.981   0.848   0.872   0.960   0.833   0.723   0.658   0.918   0.904   1.033   1.074   1.021   0.938   0.906   0.983   1.038
1953.000   1.438   1.409   1.282   1.349   1.343   1.243   1.234   1.383   1.463   1.433   1.393   1.620   1.564   1.318   1.424   1.279   1.550   1.447   1.267   1.213
1954.000   1.144   1.051   1.009   1.030   1.069   1.064   1.024   1.146   1.143   1.001   0.993   1.147   1.168   1.156   1.107   1.099   1.264   1.182   1.159   1.159
1955.000   1.070   1.098   1.088   1.009   1.025   1.010   0.981   1.080   1.142   1.044   0.982   1.123   1.120   1.137   1.004   1.131   1.233   0.808   0.992   0.913
1956.000   1.209   1.253   1.208   1.139   1.118   1.026   1.040   1.204   1.044   1.107   1.035   1.175   1.164   1.310   1.116   1.175   1.128   1.103   1.062   1.122
1957.000   1.119   1.096   0.994   0.984   0.990   1.069   1.038   1.137   1.176   1.039   1.075   1.206   1.161   1.112   1.112   1.083   1.022   1.064   1.228   1.186
1958.000   1.410   1.478   1.440   1.497   1.528   1.405   1.386   1.470   1.177   1.325   1.336   1.267   1.254   1.353   1.322   1.399   1.482   1.543   1.319   1.344
1959.000   1.093   1.111   1.091   1.093   1.160   1.134   1.104   1.232   1.065   0.667   0.653   1.060   0.998   1.153   0.982   1.061   1.013   0.855   1.140   1.089
1960.000   1.243   1.335   1.327   1.329   1.337   1.317   1.308   1.324   1.193   1.089   1.070   1.156   1.126   1.197   1.168   1.247   1.286   1.162   1.173   1.211
1961.000   1.389   1.440   1.539   1.488   1.501   1.414   1.393   1.482   1.285   1.272   1.272   1.274   1.261   1.312   1.377   1.414   1.611   1.491   1.276   1.318
1962.000   1.051   1.108   1.039   1.202   1.167   1.106   1.106   1.081   1.083   1.171   1.179   1.172   1.161   1.116   1.148   1.042   1.293   1.138   1.075   1.098
1963.000   1.348   1.555   1.602   1.473   1.509   1.483   1.296   1.275   1.290   1.233   1.254   1.282   1.177   1.311   1.201   1.326   1.291   1.218   1.139   1.094
1964.000   1.234   1.263   1.183   1.178   1.140   1.122   1.105   1.193   1.055   0.975   0.993   1.213   1.080   1.274   0.836   1.091   1.060   0.998   1.035   0.990
1965.000   1.271   1.354   1.322   1.225   1.251   1.245   1.247   1.329   1.128   0.904   0.900   1.095   1.099   1.221   1.243   1.311   1.050   1.202   1.353   1.321
1966.000   1.181   1.226   1.274   1.220   1.279   1.234   1.241   1.257   1.305   1.211   1.278   1.034   1.059   1.156   1.235   1.375   1.360   1.465   1.354   1.364
1967.000   1.223   1.286   1.295   1.221   1.282   1.227   1.226   1.319   1.240   1.191   1.148   1.318   1.203   1.243   1.039   1.210   1.044   0.785   1.234   1.169
1968.000   1.408   1.493   1.395   1.466   1.461   1.460   1.456   1.412   1.329   1.315   1.363   1.303   1.300   1.469   1.286   1.376   1.308   1.533   1.424   1.502
1969.000   1.315   1.268   1.260   1.299   1.316   1.263   1.246   1.284   1.172   1.043   1.114   1.280   1.192   1.213   1.209   1.200   1.219   1.325   1.291   1.249
1970.000   1.296   1.372   1.210   1.334   1.385   1.237   1.240   1.327   1.414   1.551   1.551   1.554   1.489   1.296   1.215   1.299   1.467   1.508   1.296   1.198
1971.000   1.085   1.127   1.061   1.155   1.198   1.262   1.351   1.350   1.218   1.274   1.279   1.289   1.207   1.260   0.932   1.108   1.047   1.271   1.436   1.417
1972.000   1.280   1.412   1.399   1.380   1.388   1.338   1.281   1.316   1.608   1.596   1.622   1.444   1.438   1.315   1.393   1.518   1.533   1.634   1.335   1.339
1973.000   1.098   1.007   1.042   1.114   1.137   1.192   1.130   1.093   1.160   1.244   1.255   1.185   1.153   1.106   0.985   1.065   1.082   1.113   1.130   1.059
1974.000   1.272   1.351   1.357   1.264   1.262   1.335   1.273   1.309   1.162   1.153   1.175   1.192   1.150   1.356   1.002   1.376   1.043   1.135   1.309   1.256
1975.000   1.182   1.279   1.318   1.383   1.410   1.395   1.350   1.328   1.362   1.549   1.525   1.307   1.286   1.188   1.177   1.285   1.332   1.348   1.474   1.433
1976.000   1.252   1.142   1.121   1.137   1.152   1.204   1.219   1.211   1.524   1.390   1.412   1.320   1.361   1.401   1.277   1.383   1.231   1.423   1.430   1.547
1977.000   1.303   1.211   1.317   1.367   1.366   1.287   1.322   1.299   1.350   1.354   1.304   1.233   1.181   1.324   1.337   1.387   1.268   1.379   1.521   1.521
1978.000   1.420   1.431   1.419   1.502   1.475   1.439   1.394   1.324   1.392   1.654   1.678   1.385   1.438   1.384   1.516   1.419   1.689   1.702   1.461   1.489
1979.000   1.386   1.364   1.351   1.415   1.419   1.400   1.396   1.374   1.425   1.393   1.459   1.388   1.396   1.355   1.365   1.347   1.425   1.420   1.478   1.509
1980.000   1.104   1.116   1.086   1.123   1.072   1.132   1.138   1.116   1.086   0.948   0.995   1.039   1.074   1.088   1.131   1.228   1.099   1.121   1.283   1.273
1981.000   1.335   1.350   1.336   1.281   1.259   1.346   1.278   1.320   1.239   1.270   1.301   1.272   1.275   1.410   1.258   1.361   1.275   1.286   1.251   1.289
1982.000   1.254   1.087   1.101   1.138   1.171   1.135   1.119   1.183   1.232   1.069   1.117   1.079   1.071   1.233   1.223   1.262   1.102   1.132   1.215   1.245
1983.000   1.079   1.036   1.028   1.003   0.990   1.117   1.153   1.131   1.148   1.006   1.023   1.128   1.095   1.127   1.071   1.165   0.996   1.004   1.231   1.147
1984.000   1.149   1.069   1.023   1.027   1.012   1.080   1.096   1.066   1.047   0.993   1.026   1.054   1.061   1.085   0.957   1.040   1.051   1.082   0.965   0.932
1985.000   1.257   1.146   1.126   1.183   1.145   1.175   1.161   1.122   1.146   1.134   1.126   1.181   1.176   1.209   1.165   1.087   1.191   1.182   1.106   1.159
1986.000   1.520   1.339   1.444   1.395   1.430   1.491   1.560   1.503   1.590   1.474   1.518   1.495   1.523   1.611   1.446   1.542   1.430   1.508   1.418   1.450
1987.000   1.133   1.133   1.133   1.104   1.153   1.161   1.178   1.132   1.162   0.977   0.981   1.047   1.042   1.105   1.182   1.226   1.035   1.100   1.218   1.223
1988.000   0.951   0.887   0.935   0.935   0.891   1.011   0.992   0.966   1.016   0.811   0.817   0.908   0.910   0.924   0.897   0.984   0.966   0.874   0.981   0.921
1989.000   1.083   1.027   1.093   1.035   1.064   1.001   1.075   1.145   0.981   0.990   1.001   1.078   1.008   1.178   1.038   1.026   0.912   1.000   1.146   1.154
1990.000   1.441   1.451   1.505   1.513   1.481   1.517   1.491   1.492   1.355   1.409   1.450   1.367   1.364   1.389   1.451   1.481   1.444   1.372   1.461   1.490
1991.000   1.287   1.232   1.234   1.265   1.214   1.331   1.286   1.268   1.222   1.189   1.238   1.279   1.257   1.284   1.254   1.226   1.244   1.223   1.274   1.290
1992.000   1.010   1.037   1.118   1.103   1.057   1.137   1.166   1.172   1.100   0.945   0.976   1.060   1.054   1.134   1.079   1.146   0.967   0.966   1.141   1.123
1993.000   1.182   1.123   1.188   1.262   1.277   1.220   1.212   1.169   1.130   1.145   1.213   1.084   1.078   1.147   1.129   1.108   1.108   1.130   1.216   1.232
1994.000   1.343   1.386   1.362   1.258   1.273   1.299   1.253   1.251   1.373   1.386   1.431   1.394   1.405   1.398   1.386   1.368   1.397   1.393   1.363   1.345
1995.000   1.207   1.225   1.257   1.267   1.288   1.285   1.290   1.233   1.302   1.265   1.253   1.248   1.296   1.240   1.382   1.419   1.363   1.247   1.338   1.264
1996.000   1.289   1.314   1.354   1.320   1.309   1.431   1.382   1.326   1.157   1.230   1.300   1.185   1.223   1.206   1.336   1.238   1.312   1.358   1.203   1.221
1997.000   1.065   1.230   1.153   1.130   1.198   1.281   1.262   1.238   1.311   1.148   1.185   1.181   1.222   1.187   1.261   1.325   1.196   1.195   1.344   1.379
1998.000   1.050   1.167   1.126   1.085   1.130   1.187   1.212   1.232   1.157   1.062   1.088   1.058   1.037   1.117   1.038   1.191   1.059   1.078   1.257   1.230
1999.000   0.977   0.996   1.078   1.012   1.054   1.065   0.997   1.073   1.028   1.030   1.056   0.976   0.999   1.027   1.081   1.017   1.044   1.046   1.116   1.148
2000.000   1.152   1.205   1.228   1.084   1.145   1.166   1.151   1.155   1.116   1.127   1.119   1.066   1.048   1.094   1.048   1.036   1.077   1.024   1.134   1.111
2001.000   1.261   1.066   1.104   1.083   1.117   1.163   1.181   1.106   1.105   1.074   1.108   1.084   1.069   1.158   1.133   1.104   1.138   1.186   1.157   1.200
2002.000   1.063   1.165   1.161   1.196   1.196   1.275   1.280   1.250   1.094   0.999   1.074   1.165   1.160   1.167   1.216   1.162   1.073   1.089   1.248   1.242
2003.000   1.325   1.314   1.330   1.361   1.357   1.415   1.429   1.342   1.220   1.305   1.324   1.267   1.265   1.285   1.430   1.353   1.315   1.233   1.358   1.362
2004.000   1.362   1.404   1.379   1.400   1.368   1.353   1.333   1.323   1.292   1.381   1.389   1.312   1.301   1.294   1.349   1.368   1.332   1.303   1.255   1.299
2005.000   0.821   0.876   0.853   0.841   0.837   0.856   0.890   0.885   0.853   0.759   0.785   0.754   0.747   0.859   0.869   0.921   0.814   0.844   1.014   1.000
2006.000   0.984   1.084   1.116   1.116   1.138   1.119   1.090   1.107   1.105   1.023   1.043   1.045   1.035   1.019   1.138   1.146   0.996   1.029   1.175   1.177
2007.000   0.965   0.896   0.907   0.894   0.879   0.997   1.011   1.058   1.002   0.939   0.946   1.042   1.034   1.067   1.003   1.078   1.007   0.969   1.133   1.059
2008.000   1.007   0.950   0.915   0.925   0.992   1.101   1.079   1.106   0.894   0.785   0.848   0.952   0.934   1.113   0.912   0.994   0.911   0.848   1.050   1.015
2009.000   1.461   1.469   1.483   1.475   1.447   1.499   1.513   1.470   1.306   1.388   1.418   1.272   1.272   1.269   1.357   1.357   1.355   1.373   1.343   1.333
2010.000   1.213   1.202   1.188   1.134   1.149   1.175   1.116   1.049   1.149   1.171   1.173   1.075   1.124   1.083   1.092   1.260   1.183   1.165   1.093   1.076
2011.000   1.146   1.004   1.071   1.057   1.111   1.173   1.127   1.167   1.153   1.085   1.112   1.131   1.064   1.095   1.030   1.138   1.091   1.066   1.151   1.095
2012.000   1.229   1.256   1.208   1.243   1.288   1.304   1.374   1.309   1.255   1.305   1.317   1.365   1.368   1.312   1.279   1.270   1.277   1.311   1.287   1.279
2013.000   1.422   1.318   1.384   1.353   1.387   1.419   1.350   1.294   1.348   1.379   1.443   1.373   1.379   1.379   1.417   1.394   1.396   1.363   1.246   1.250
2014.000   1.303   1.177   1.241   1.139   1.197   1.219   1.234   1.273   1.159   1.165   1.169   1.152   1.166   1.236   1.246   1.225   1.148   1.220   1.288   1.281
2015.000   1.437   1.440   1.422   1.389   1.430   1.536   1.459   1.347   1.571   1.473   1.506   1.490   1.526   1.480   1.642   1.637   1.520   1.619   1.509   1.536
2016.000   1.041   1.053   1.056   1.070   1.014   1.020   1.003   0.932   0.909   0.827   0.883   0.921   0.890   1.008   1.016   1.058   0.947   0.867   0.999   0.978
2017.000   1.477   1.523   1.520   1.468   1.489   1.540   1.534   1.516   1.383   1.454   1.477   1.453   1.459   1.466   1.399   1.538   1.437   1.471   1.421   1.349
2018.000   1.316   1.050   1.021   1.019   1.007   1.081   1.090   1.161   1.225   1.159   1.197   1.231   1.226   1.211   1.210   1.110   1.145   1.181   1.121   1.131
2019.000   1.100   1.072   1.071   1.141   1.077   1.115   1.125   1.097   1.060   1.044   1.092   1.091   1.112   1.181   1.205   1.249   1.143   1.127   1.231   1.216
2020.000   1.157   1.016   1.041   1.065   1.076   1.110   1.127   1.165   1.162   1.153   1.134   1.208   1.148   1.120   1.097   1.114   1.179   1.099   1.118   1.043
