 Year Amundsen_Bellingshausen JJA
1905.000   1.286   1.297   1.404   1.329   1.347   1.381   1.391   1.354   1.212   1.218   0.908   1.208   1.165   1.131   1.064   1.218   1.221   0.914   1.003   1.287   1.170   1.289   1.280
1906.000   1.458   1.521   1.574   1.530   1.574   1.483   1.450   1.487   1.121   0.945   1.235   1.187   1.302   1.366   1.409   1.373   1.373   1.747   1.614   1.037   1.548   1.458   1.426
1907.000   1.142   1.126   1.166   1.052   1.116   1.083   1.085   1.125   1.025   1.081   1.074   0.994   1.142   1.188   1.169   1.136   1.142   1.458   1.403   0.872   1.141   1.181   1.106
1908.000   1.170   1.009   1.027   1.008   1.083   1.049   1.037   1.093   1.163   1.029   1.052   1.147   1.187   1.175   1.153   1.215   1.216   1.334   1.196   0.948   1.308   1.299   1.270
1909.000   1.075   1.167   1.229   1.171   1.279   1.172   1.138   1.301   1.189   1.434   1.334   1.366   1.138   1.133   1.291   1.162   1.163   1.231   1.238   1.367   1.518   1.405   1.554
1910.000   1.211   1.263   1.289   1.221   1.274   1.146   1.205   1.337   1.244   1.090   0.902   1.200   0.839   0.876   1.069   1.173   1.179   0.815   0.778   1.081   1.200   1.149   1.078
1911.000   0.932   0.970   0.936   0.950   0.919   1.000   1.079   0.949   0.889   0.766   0.350   0.833   0.679   0.558   0.409   1.123   1.130   0.895   0.720   0.888   0.967   1.103   1.078
1912.000   1.159   1.286   1.271   1.213   1.228   1.253   1.199   1.209   1.285   1.326   1.420   1.372   1.302   1.397   1.337   1.238   1.240   0.745   1.002   1.501   1.336   1.333   1.283
1913.000   1.293   1.338   1.357   1.267   1.389   1.306   1.245   1.380   1.339   1.192   1.232   1.346   1.169   1.179   1.274   1.317   1.326   1.113   1.325   1.186   1.383   1.260   1.382
1914.000   1.458   1.419   1.551   1.462   1.495   1.396   1.460   1.521   1.408   1.295   1.253   1.494   1.396   1.430   1.403   1.268   1.274   0.963   1.212   1.145   1.296   1.332   1.366
1915.000   1.237   1.446   1.506   1.465   1.422   1.428   1.453   1.411   1.317   1.307   1.214   1.253   1.265   1.214   1.172   1.242   1.239   0.895   0.987   1.290   1.369   1.285   1.387
1916.000   1.079   1.145   0.998   1.026   0.957   0.946   0.990   0.996   1.206   1.191   1.143   1.156   0.989   0.921   0.991   1.135   1.136   0.467   0.717   0.997   1.194   1.124   1.093
1917.000   0.909   1.017   0.990   0.963   0.967   0.924   0.992   0.981   1.145   1.223   1.106   1.097   1.023   1.012   1.040   1.169   1.170   0.492   0.645   0.388   1.142   1.123   1.027
1918.000   1.360   1.384   1.328   1.246   1.356   1.316   1.294   1.368   1.351   1.367   1.261   1.337   1.308   1.389   1.388   1.336   1.341   1.419   1.300   1.236   1.458   1.481   1.491
1919.000   1.252   1.171   1.093   1.126   1.124   1.087   1.160   1.133   1.108   0.850   0.785   0.972   0.856   1.017   0.887   1.188   1.196   1.356   1.269   1.219   1.106   1.048   0.957
1920.000   1.173   1.315   1.179   1.172   1.200   1.155   1.148   1.235   1.243   1.268   1.296   1.140   1.045   1.035   1.028   1.288   1.293   1.255   1.437   1.141   1.347   1.389   1.317
1921.000   1.190   1.345   1.175   1.179   1.258   1.168   1.154   1.266   1.256   1.310   1.191   1.120   0.974   1.052   1.092   1.163   1.169   1.565   1.309   0.996   1.113   1.039   0.897
1922.000   1.145   1.122   1.109   1.007   1.088   1.035   0.968   1.079   1.070   1.142   1.208   1.107   0.892   1.043   0.965   1.157   1.164   1.845   1.807   1.362   1.062   1.057   0.997
1923.000   1.337   1.443   1.443   1.340   1.399   1.388   1.346   1.442   1.310   1.431   1.330   1.377   1.553   1.518   1.425   1.326   1.328   0.845   1.072   1.110   1.423   1.503   1.378
1924.000   1.081   1.132   1.094   1.088   1.054   1.040   1.079   1.104   1.321   1.324   1.196   1.445   1.245   1.253   1.279   1.200   1.200   0.503   0.386   1.167   1.253   1.203   1.182
1925.000   1.189   1.246   1.215   1.149   1.191   1.246   1.190   1.194   1.004   0.734   0.691   1.073   0.984   1.097   0.989   1.120   1.126   1.677   1.257   1.128   1.229   1.253   1.133
1926.000   1.073   1.190   1.122   1.127   1.101   1.130   1.186   1.059   0.921   0.815   0.826   0.909   0.892   0.967   0.896   1.187   1.184   1.495   1.305   1.166   1.211   1.295   1.277
1927.000   1.157   1.195   1.205   1.152   1.159   1.132   1.133   1.169   1.078   0.971   0.920   1.059   1.086   1.158   1.098   1.243   1.238   2.001   1.800   1.113   1.311   1.265   1.187
1928.000   1.131   1.021   0.975   0.994   0.923   0.967   1.075   0.934   1.061   0.910   0.905   0.945   0.982   1.021   0.931   1.192   1.191   1.398   1.336   0.949   0.886   0.913   0.872
1929.000   1.135   1.032   0.990   0.982   1.071   1.004   1.039   1.108   1.455   1.353   1.148   1.268   1.151   1.161   1.161   1.227   1.230   1.321   1.248   1.159   1.097   1.131   1.123
1930.000   1.219   1.277   1.326   1.289   1.335   1.270   1.290   1.337   1.183   0.827   1.000   1.154   1.165   1.157   1.188   1.101   1.105   0.869   1.188   1.007   1.519   1.552   1.486
1931.000   0.896   0.837   0.792   0.767   0.756   0.808   0.892   0.748   0.958   0.919   0.635   0.777   0.603   0.491   0.590   0.956   0.954   0.860   0.864   0.742   0.794   0.827   0.876
1932.000   1.176   1.104   1.184   1.086   1.219   1.207   1.154   1.149   1.338   1.372   1.305   1.230   1.332   1.417   1.291   1.202   1.200   1.340   1.224   1.385   1.146   1.107   1.154
1933.000   1.161   1.178   1.198   1.215   1.175   1.146   1.141   1.153   1.093   1.038   1.103   1.058   1.381   1.424   1.207   1.278   1.270   1.409   1.371   1.233   1.275   1.171   1.203
1934.000   1.162   1.286   1.331   1.228   1.319   1.288   1.244   1.261   1.062   1.141   1.119   1.111   1.112   1.133   1.098   1.108   1.111   1.598   1.644   1.349   1.188   1.169   1.227
1935.000   1.264   1.316   1.311   1.330   1.315   1.336   1.301   1.259   1.312   1.079   1.203   1.180   1.101   1.134   1.036   1.355   1.351   1.436   1.366   1.514   1.320   1.288   1.285
1936.000   1.209   1.218   1.195   1.125   1.165   1.160   1.121   1.099   1.266   1.116   1.287   1.176   1.271   1.391   1.240   1.164   1.165   1.603   1.553   1.527   1.329   1.274   1.186
1937.000   1.209   1.308   1.315   1.332   1.317   1.333   1.290   1.277   1.243   1.180   1.112   1.181   1.283   1.232   1.087   1.286   1.276   1.419   1.238   1.316   1.239   1.217   1.259
1938.000   1.157   0.984   0.964   0.962   1.001   0.908   0.966   0.994   1.255   1.075   1.082   1.099   1.096   1.136   1.091   1.112   1.111   1.277   1.193   1.230   1.012   0.937   0.923
1939.000   1.266   1.098   1.164   1.118   1.153   1.157   1.247   1.093   1.223   1.238   1.236   1.204   1.158   1.236   1.223   1.126   1.125   1.319   1.265   1.429   1.125   1.133   1.069
1940.000   1.297   1.312   1.319   1.301   1.311   1.340   1.307   1.261   1.226   1.138   1.079   1.155   1.317   1.347   1.122   1.342   1.341   1.737   1.702   1.406   1.323   1.322   1.288
1941.000   1.227   1.289   1.238   1.267   1.217   1.326   1.321   1.191   1.338   1.255   1.098   1.299   1.444   1.421   1.211   1.266   1.264   0.904   1.125   1.268   1.297   1.364   1.355
1942.000   1.011   1.043   0.987   0.984   0.906   0.967   0.999   0.923   0.894   0.965   0.932   0.960   0.927   0.964   0.923   1.055   1.053   0.904   0.778   1.093   1.030   1.010   0.962
1943.000   1.033   0.995   1.014   0.987   0.996   1.059   1.021   1.007   1.027   1.050   1.102   1.007   1.018   1.002   1.033   1.220   1.218   1.416   1.626   1.155   1.202   1.324   1.229
1944.000   1.172   1.088   1.111   1.217   1.093   1.165   1.201   1.110   1.201   1.341   1.348   1.321   1.508   1.534   1.388   1.322   1.310   0.850   0.894   1.395   1.289   1.353   1.268
1945.000   1.160   1.289   1.185   1.328   1.188   1.190   1.256   1.134   1.077   0.892   1.015   0.960   1.083   1.124   1.009   1.359   1.351   1.289   1.454   1.313   1.306   1.240   1.207
1946.000   1.003   1.027   0.952   0.971   0.886   0.910   1.040   0.944   1.176   0.921   0.888   1.117   1.195   1.240   1.124   1.144   1.146   0.588   0.575   1.018   1.052   1.179   1.033
1947.000   1.178   1.083   1.137   1.163   1.136   1.136   1.211   1.180   1.193   1.162   1.039   1.179   1.154   1.089   1.139   1.162   1.165   0.420   0.645   0.947   1.303   1.317   1.328
1948.000   1.181   1.327   1.296   1.289   1.243   1.232   1.224   1.280   1.226   1.253   1.245   1.278   1.307   1.358   1.317   1.302   1.300   1.169   0.960   1.205   1.327   1.327   1.258
1949.000   1.088   1.083   1.067   1.118   1.045   1.060   1.135   1.056   1.166   0.983   1.074   1.104   1.209   1.227   1.141   1.195   1.197   1.060   1.120   1.120   1.160   1.111   1.042
1950.000   1.321   1.172   1.239   1.306   1.324   1.173   1.258   1.322   1.373   1.297   1.332   1.337   1.236   1.233   1.371   1.196   1.201   1.317   1.333   1.358   1.320   1.192   1.259
1951.000   1.330   1.257   1.218   1.326   1.207   1.276   1.335   1.161   1.240   1.599   1.370   1.197   1.470   1.309   1.250   1.308   1.299   1.275   1.260   1.328   1.075   1.085   1.161
1952.000   1.120   1.082   1.051   1.080   1.014   1.037   1.109   0.943   1.049   1.122   1.282   1.084   1.068   1.086   1.056   1.352   1.341   1.497   1.640   1.683   1.205   1.174   1.297
1953.000   1.386   1.376   1.325   1.386   1.323   1.369   1.379   1.312   1.199   1.288   1.186   1.095   1.387   1.284   1.149   1.344   1.336   0.934   1.000   1.251   1.356   1.430   1.465
1954.000   1.299   1.237   1.184   1.207   1.125   1.066   1.199   1.143   1.152   1.349   1.433   1.143   1.218   1.236   1.209   1.225   1.224   0.812   0.993   1.243   1.112   1.113   1.114
1955.000   1.291   1.169   1.189   1.230   1.088   1.099   1.208   1.152   1.182   1.164   1.175   1.253   1.415   1.414   1.430   1.201   1.198   0.788   0.810   1.007   1.255   1.108   1.156
1956.000   1.091   0.978   0.853   0.881   0.814   0.906   0.982   0.830   1.224   1.387   1.260   1.114   1.131   1.038   1.026   1.198   1.201   0.796   0.894   1.112   1.006   1.103   1.117
1957.000   1.369   1.323   1.243   1.333   1.294   1.276   1.322   1.278   1.247   1.562   1.578   1.299   1.424   1.358   1.350   1.368   1.363   1.068   1.279   1.305   1.339   1.402   1.502
1958.000   1.350   1.206   1.092   1.219   1.174   1.222   1.221   1.127   1.171   1.263   1.219   1.027   1.110   1.178   1.124   1.349   1.342   1.223   1.199   1.570   1.345   1.368   1.370
1959.000   1.261   1.318   1.276   1.292   1.297   1.293   1.276   1.245   1.378   1.803   1.774   1.568   1.717   1.747   1.661   1.295   1.294   1.173   1.266   1.482   1.269   1.193   1.259
1960.000   1.078   0.929   0.934   1.056   0.949   1.042   1.079   0.991   1.176   1.134   1.104   1.103   1.148   1.099   1.042   1.134   1.129   0.843   0.757   0.908   1.083   1.183   1.129
1961.000   1.384   1.312   1.337   1.300   1.354   1.335   1.294   1.334   1.361   1.437   1.454   1.469   1.470   1.494   1.505   1.251   1.250   1.126   1.040   1.126   1.302   1.292   1.257
1962.000   1.176   1.241   1.175   1.180   1.243   1.209   1.186   1.305   1.377   1.659   1.546   1.451   1.508   1.449   1.428   1.166   1.167   1.258   1.127   1.083   1.198   1.238   1.227
1963.000   1.384   1.279   1.317   1.299   1.384   1.386   1.292   1.348   1.209   1.043   1.170   1.167   1.220   1.240   1.191   1.255   1.257   1.453   1.404   1.230   1.261   1.253   1.197
1964.000   1.181   1.221   1.265   1.299   1.167   1.222   1.292   1.217   1.079   1.192   1.267   1.215   1.161   1.156   1.178   1.188   1.189   1.398   1.405   1.264   1.122   1.090   1.009
1965.000   1.399   1.254   1.238   1.230   1.273   1.293   1.249   1.290   1.281   1.182   1.266   1.275   1.398   1.529   1.464   1.246   1.249   1.511   1.437   1.138   1.357   1.369   1.282
1966.000   1.362   1.276   1.396   1.342   1.447   1.375   1.292   1.425   1.453   1.692   1.761   1.448   1.546   1.494   1.499   1.310   1.310   1.145   1.289   1.434   1.349   1.284   1.287
1967.000   1.238   1.257   1.280   1.278   1.330   1.277   1.197   1.293   1.318   1.446   1.531   1.515   1.245   1.251   1.372   1.159   1.167   1.436   1.420   1.497   1.287   1.203   1.286
1968.000   1.289   1.130   1.190   1.206   1.202   1.271   1.232   1.243   1.241   1.515   1.257   1.265   1.238   1.067   1.109   1.324   1.321   1.709   1.540   1.176   1.153   1.324   1.338
1969.000   1.358   1.283   1.371   1.414   1.362   1.407   1.374   1.327   1.294   1.331   1.386   1.343   1.527   1.496   1.424   1.303   1.302   1.363   1.418   1.392   1.366   1.318   1.377
1970.000   1.363   1.407   1.413   1.413   1.447   1.397   1.304   1.489   1.409   1.563   1.707   1.471   1.502   1.470   1.479   1.325   1.328   0.713   0.967   1.306   1.385   1.297   1.319
1971.000   1.086   1.097   1.177   1.102   1.188   1.119   1.118   1.189   1.211   1.384   1.435   1.316   1.108   1.097   1.141   1.131   1.139   1.594   1.452   1.292   1.011   1.075   1.052
1972.000   1.397   1.337   1.319   1.300   1.318   1.301   1.326   1.338   1.208   1.266   1.306   1.130   1.205   1.244   1.240   1.397   1.404   1.602   1.622   1.533   1.373   1.423   1.493
1973.000   1.336   1.317   1.441   1.399   1.438   1.375   1.271   1.465   1.111   1.031   1.258   1.187   1.197   1.234   1.275   1.273   1.275   0.959   1.029   1.191   1.215   1.104   1.115
1974.000   1.248   1.213   1.239   1.190   1.287   1.183   1.190   1.322   1.444   1.409   1.475   1.500   1.198   1.283   1.431   1.146   1.159   1.572   1.480   1.395   1.081   1.032   1.012
1975.000   1.245   1.295   1.377   1.317   1.364   1.182   1.257   1.402   1.411   1.279   1.551   1.286   1.258   1.307   1.496   1.298   1.303   1.036   1.082   1.150   1.175   1.032   1.005
1976.000   1.215   1.272   1.421   1.362   1.342   1.353   1.390   1.379   1.230   1.500   1.522   1.477   1.478   1.486   1.589   1.202   1.210   1.475   1.535   1.478   1.320   1.305   1.368
1977.000   1.323   1.514   1.563   1.481   1.517   1.509   1.411   1.484   1.460   1.460   1.521   1.456   1.537   1.523   1.484   1.372   1.371   1.650   1.604   1.415   1.361   1.355   1.399
1978.000   1.117   1.143   1.111   1.164   1.051   1.104   1.178   1.100   1.117   1.041   1.007   1.005   0.937   0.914   0.854   1.180   1.186   1.301   1.483   1.142   1.055   1.171   1.124
1979.000   1.169   1.241   1.290   1.246   1.250   1.243   1.242   1.246   1.099   1.166   1.169   1.177   1.194   1.179   1.213   1.109   1.111   1.198   1.183   1.223   1.098   1.112   1.099
1980.000   1.379   1.318   1.301   1.330   1.275   1.263   1.323   1.268   1.375   1.295   1.428   1.301   1.430   1.439   1.457   1.250   1.251   1.309   1.293   1.360   1.325   1.302   1.299
1981.000   1.152   1.184   1.201   1.254   1.134   1.173   1.274   1.164   1.201   1.114   1.120   1.065   1.132   1.054   1.080   1.228   1.231   1.225   1.221   1.060   1.120   1.147   1.124
1982.000   1.209   1.193   1.252   1.220   1.280   1.276   1.232   1.263   1.151   1.246   1.240   1.211   1.206   1.193   1.247   1.179   1.185   1.344   1.359   1.313   1.192   1.235   1.326
1983.000   1.021   1.149   1.099   1.144   1.087   1.132   1.187   1.085   1.254   1.163   1.096   1.132   1.216   1.207   1.187   1.247   1.248   1.116   1.127   1.158   1.167   1.211   1.273
1984.000   1.237   1.249   1.246   1.229   1.227   1.187   1.214   1.248   1.175   1.073   1.092   1.134   1.049   1.071   1.213   1.155   1.163   1.146   1.107   1.050   1.068   1.011   1.073
1985.000   1.131   1.119   1.113   1.109   1.119   1.166   1.177   1.094   1.124   1.105   1.096   1.120   1.100   1.037   1.105   1.059   1.071   1.102   1.065   1.088   1.153   1.104   1.076
1986.000   1.519   1.496   1.543   1.561   1.576   1.561   1.569   1.634   1.457   1.534   1.559   1.465   1.480   1.488   1.621   1.344   1.350   1.419   1.353   1.498   1.526   1.449   1.515
1987.000   1.216   1.327   1.361   1.284   1.315   1.376   1.336   1.246   1.296   1.191   1.185   1.206   1.234   1.193   1.185   1.150   1.149   1.140   1.180   1.189   1.063   1.077   1.184
1988.000   0.957   1.034   0.994   0.974   0.985   1.017   1.007   1.042   1.010   0.909   0.974   0.946   0.925   0.941   1.005   1.047   1.044   1.067   1.072   0.965   0.891   1.003   1.066
1989.000   1.168   0.966   0.978   0.966   1.022   1.024   0.962   1.074   1.227   1.143   1.121   1.151   1.181   1.153   1.167   1.123   1.125   0.955   1.013   1.020   1.185   1.187   1.092
1990.000   1.275   1.446   1.381   1.357   1.454   1.435   1.316   1.465   1.409   1.374   1.394   1.428   1.336   1.319   1.358   1.339   1.338   1.331   1.264   1.435   1.300   1.279   1.288
1991.000   1.386   1.382   1.359   1.395   1.360   1.390   1.386   1.395   1.426   1.464   1.485   1.465   1.432   1.438   1.504   1.387   1.388   1.549   1.480   1.573   1.395   1.447   1.456
1992.000   1.138   1.117   1.151   1.144   1.069   1.164   1.234   1.070   1.175   1.052   1.077   1.027   1.066   1.079   1.105   1.213   1.218   1.297   1.228   1.159   1.146   1.149   1.078
1993.000   1.298   1.202   1.366   1.322   1.320   1.326   1.353   1.300   1.283   1.174   1.205   1.276   1.268   1.234   1.226   1.238   1.243   1.327   1.267   1.394   1.217   1.239   1.323
1994.000   1.289   1.250   1.256   1.244   1.302   1.284   1.260   1.272   1.313   1.248   1.343   1.318   1.349   1.388   1.380   1.362   1.364   1.400   1.372   1.388   1.316   1.320   1.285
1995.000   1.384   1.393   1.465   1.417   1.418   1.369   1.371   1.467   1.437   1.330   1.425   1.541   1.400   1.398   1.487   1.264   1.256   1.345   1.340   1.413   1.362   1.328   1.389
1996.000   1.223   1.217   1.260   1.180   1.307   1.265   1.180   1.269   1.283   1.249   1.308   1.395   1.353   1.304   1.357   1.236   1.235   1.207   1.189   1.166   1.256   1.154   1.159
1997.000   1.360   1.264   1.313   1.438   1.393   1.465   1.454   1.365   1.146   1.241   1.201   1.344   1.326   1.306   1.312   1.129   1.131   1.324   1.253   1.236   1.214   1.250   1.296
1998.000   0.957   0.989   0.996   1.121   0.987   1.006   1.121   0.951   0.935   0.872   0.969   0.937   0.939   0.909   0.949   1.064   1.054   1.037   1.056   0.926   0.969   1.057   1.009
1999.000   1.059   1.137   1.125   1.135   1.154   1.163   1.121   1.139   1.088   1.244   1.232   1.230   1.192   1.150   1.223   1.023   1.020   1.205   1.214   1.048   0.943   0.977   0.963
2000.000   1.070   0.991   1.018   1.023   0.980   0.988   1.069   1.036   0.980   1.017   1.061   1.006   1.110   1.129   1.092   1.063   1.064   1.007   1.071   1.024   1.004   1.045   0.995
2001.000   1.116   1.239   1.189   1.195   1.216   1.247   1.216   1.209   1.161   1.047   1.087   1.155   1.094   1.045   1.120   1.123   1.123   0.999   1.034   0.967   1.024   1.029   1.091
2002.000   1.437   1.401   1.437   1.426   1.403   1.460   1.451   1.421   1.351   1.374   1.440   1.451   1.492   1.451   1.575   1.356   1.355   1.307   1.356   1.381   1.388   1.464   1.467
2003.000   1.165   1.107   1.035   1.129   1.153   1.110   1.138   1.149   1.174   1.199   1.209   1.163   1.190   1.159   1.191   1.114   1.112   1.042   1.072   1.043   1.015   1.087   1.072
2004.000   1.206   1.186   1.122   1.111   1.146   1.170   1.126   1.169   1.153   1.266   1.220   1.213   1.202   1.179   1.193   1.155   1.151   1.242   1.158   1.148   1.102   1.183   1.163
2005.000   1.390   1.296   1.310   1.306   1.335   1.381   1.295   1.341   1.232   1.340   1.289   1.250   1.344   1.343   1.305   1.178   1.173   1.370   1.298   1.353   1.309   1.257   1.303
2006.000   1.188   1.171   1.093   1.153   1.101   1.220   1.139   1.070   1.082   1.057   1.055   1.106   1.171   1.118   1.052   1.219   1.210   1.207   1.186   1.132   1.103   1.163   1.188
2007.000   1.192   1.162   1.074   1.206   1.078   1.145   1.174   1.071   1.176   1.208   1.108   1.222   1.187   1.132   1.199   1.154   1.151   1.038   1.063   1.127   1.177   1.109   1.251
2008.000   1.176   1.083   1.109   1.171   1.150   1.185   1.177   1.102   1.203   1.164   1.181   1.107   1.119   1.078   1.167   1.135   1.131   1.114   1.116   1.125   1.071   1.089   1.083
2009.000   1.284   1.422   1.337   1.380   1.362   1.350   1.340   1.348   1.353   1.405   1.414   1.360   1.298   1.295   1.343   1.245   1.243   1.226   1.160   1.338   1.409   1.415   1.410
2010.000   1.159   1.170   1.216   1.204   1.218   1.271   1.105   1.195   1.188   1.238   1.326   1.279   1.203   1.155   1.234   1.134   1.123   1.106   1.105   1.198   1.220   1.201   1.244
2011.000   1.238   1.306   1.285   1.336   1.316   1.284   1.266   1.341   1.282   1.356   1.392   1.395   1.327   1.312   1.433   1.244   1.239   1.366   1.338   1.307   1.292   1.233   1.280
2012.000   1.162   1.179   1.179   1.312   1.235   1.289   1.285   1.225   1.170   1.239   1.203   1.171   1.204   1.170   1.171   1.172   1.168   1.320   1.262   1.255   1.201   1.173   1.243
2013.000   1.314   1.378   1.371   1.372   1.365   1.342   1.264   1.374   1.326   1.344   1.328   1.290   1.374   1.353   1.378   1.231   1.227   1.332   1.281   1.172   1.369   1.375   1.355
2014.000   1.331   1.257   1.243   1.194   1.306   1.310   1.176   1.244   1.192   1.247   1.348   1.214   1.225   1.223   1.301   1.147   1.146   1.199   1.208   1.219   1.123   1.154   1.207
2015.000   1.340   1.372   1.397   1.462   1.476   1.453   1.406   1.463   1.350   1.424   1.502   1.459   1.415   1.404   1.506   1.317   1.313   1.495   1.528   1.512   1.406   1.411   1.495
2016.000   0.977   1.029   1.084   1.061   1.044   1.058   1.109   1.023   1.020   1.020   1.088   1.132   1.070   1.064   1.102   1.097   1.085   1.062   1.079   1.033   0.954   0.970   0.995
2017.000   1.174   1.058   1.074   1.116   1.145   1.181   1.120   1.132   1.114   1.198   1.078   1.110   1.087   1.052   1.085   1.090   1.086   1.213   1.207   1.147   1.076   1.025   1.137
2018.000   1.441   1.334   1.285   1.299   1.290   1.296   1.242   1.313   1.298   1.218   1.267   1.284   1.256   1.239   1.330   1.277   1.275   1.414   1.328   1.311   1.309   1.336   1.319
2019.000   1.208   1.191   1.160   1.161   1.192   1.237   1.141   1.180   1.200   1.175   1.204   1.169   1.118   1.127   1.202   1.087   1.085   1.112   1.079   1.190   1.111   1.157   1.159
2020.000   0.975   1.052   1.073   1.115   1.076   1.135   1.054   1.082   1.038   1.054   1.159   1.132   1.109   1.113   1.127   1.062   1.058   1.231   1.217   1.174   1.086   1.119   1.106
