 Year Amundsen_Bellingshausen MAM
1905.000   0.575   0.775   0.810   0.786   0.961   0.780   0.885   0.581   0.690   0.662   0.707   0.686   0.666   0.585   0.673   0.614   0.609   0.581   0.599   0.595
1906.000   0.554   0.683   0.705   0.756   0.779   0.683   0.684   0.589   0.578   0.531   0.517   0.599   0.574   0.587   0.616   0.677   0.708   0.690   0.526   0.546
1907.000   0.545   0.255   0.250   0.101   0.325   0.353   0.341   0.510   0.296   0.348   0.204   0.455   0.430   0.482   0.438   0.431   0.454   0.497   0.495   0.469
1908.000   0.522   0.564   0.490   0.621   0.369   0.500   0.381   0.483   0.497   0.590   0.517   0.428   0.599   0.423   0.435   0.501   0.552   0.613   0.566   0.591
1909.000   0.546   0.771   0.784   0.679   0.928   0.761   0.731   0.560   0.641   0.537   0.624   0.602   0.619   0.584   0.552   0.695   0.701   0.667   0.571   0.566
1910.000   0.500   0.534   0.501   0.510   0.616   0.456   0.474   0.446   0.353   0.357   0.343   0.385   0.382   0.455   0.378   0.424   0.446   0.407   0.412   0.305
1911.000   0.444   0.517   0.496   0.639   0.523   0.457   0.506   0.444   0.545   0.469   0.525   0.407   0.463   0.439   0.418   0.459   0.494   0.513   0.399   0.408
1912.000   0.570   0.407   0.361   0.442   0.587   0.658   0.672   0.723   0.620   0.665   0.604   0.724   0.679   0.660   0.656   0.632   0.641   0.560   0.625   0.582
1913.000   0.613   0.390   0.394   0.437   0.479   0.593   0.482   0.577   0.668   0.653   0.672   0.585   0.686   0.573   0.555   0.577   0.548   0.499   0.611   0.645
1914.000   0.638   0.740   0.738   0.804   0.580   0.635   0.728   0.621   0.685   0.693   0.682   0.602   0.707   0.587   0.644   0.635   0.667   0.637   0.567   0.584
1915.000   0.592   0.607   0.691   0.502   0.739   0.680   0.705   0.582   0.763   0.690   0.715   0.653   0.694   0.599   0.655   0.666   0.659   0.644   0.584   0.702
1916.000   0.427   0.394   0.376   0.272   0.389   0.549   0.431   0.487   0.477   0.497   0.480   0.443   0.550   0.485   0.454   0.452   0.465   0.489   0.514   0.454
1917.000   0.542   0.482   0.378   0.287   0.500   0.435   0.664   0.494   0.479   0.370   0.474   0.450   0.431   0.487   0.354   0.483   0.449   0.478   0.457   0.327
1918.000   0.432   0.564   0.525   0.613   0.473   0.437   0.603   0.450   0.440   0.409   0.427   0.418   0.435   0.388   0.382   0.410   0.431   0.524   0.393   0.425
1919.000   0.367   0.637   0.666   0.736   0.642   0.564   0.579   0.517   0.502   0.555   0.500   0.477   0.473   0.510   0.536   0.463   0.496   0.498   0.538   0.507
1920.000   0.434   0.742   0.794   0.750   0.708   0.530   0.689   0.446   0.555   0.515   0.506   0.411   0.517   0.436   0.500   0.483   0.505   0.509   0.431   0.483
1921.000   0.493   0.769   0.693   0.650   0.900   0.638   0.611   0.379   0.413   0.467   0.390   0.315   0.479   0.380   0.362   0.391   0.462   0.464   0.342   0.344
1922.000   0.527   0.375   0.368   0.475   0.365   0.576   0.290   0.590   0.499   0.487   0.466   0.506   0.563   0.514   0.488   0.528   0.542   0.537   0.617   0.583
1923.000   0.638   1.113   1.071   1.031   0.879   0.899   0.985   0.635   0.766   0.640   0.756   0.676   0.615   0.661   0.680   0.768   0.767   0.645   0.650   0.537
1924.000   0.536   0.129   0.121   0.096   0.145   0.361   0.282   0.525   0.390   0.426   0.354   0.458   0.378   0.438   0.410   0.485   0.455   0.476   0.540   0.533
1925.000   0.524   0.280   0.267   0.329   0.211   0.451   0.455   0.653   0.502   0.466   0.446   0.585   0.542   0.565   0.485   0.511   0.516   0.570   0.545   0.570
1926.000   0.420   0.834   0.932   0.837   0.789   0.698   0.793   0.537   0.688   0.654   0.631   0.584   0.570   0.580   0.723   0.690   0.716   0.662   0.545   0.580
1927.000   0.517   0.517   0.472   0.597   0.440   0.590   0.574   0.569   0.578   0.568   0.594   0.556   0.641   0.543   0.524   0.621   0.641   0.663   0.590   0.577
1928.000   0.276   0.187   0.273   0.255   0.067   0.154   0.312   0.420   0.359   0.493   0.371   0.376   0.517   0.350   0.377   0.320   0.373   0.528   0.402   0.474
1929.000   0.504   0.715   0.656   0.694   0.555   0.660   0.688   0.539   0.551   0.519   0.586   0.594   0.536   0.520   0.526   0.575   0.574   0.583   0.579   0.514
1930.000   0.458   0.594   0.602   0.699   0.704   0.554   0.709   0.630   0.513   0.547   0.505   0.624   0.606   0.556   0.557   0.557   0.578   0.590   0.481   0.521
1931.000   0.429   0.795   0.866   0.781   0.603   0.393   0.679   0.481   0.525   0.532   0.526   0.541   0.499   0.482   0.608   0.618   0.629   0.600   0.525   0.453
1932.000   0.542   0.622   0.613   0.577   0.552   0.542   0.645   0.649   0.621   0.639   0.592   0.621   0.681   0.614   0.601   0.554   0.575   0.577   0.590   0.568
1933.000   0.649   0.909   0.889   0.864   0.852   0.745   0.770   0.593   0.662   0.501   0.605   0.581   0.517   0.647   0.620   0.653   0.640   0.550   0.642   0.576
1934.000   0.441   0.447   0.529   0.454   0.660   0.563   0.630   0.443   0.397   0.474   0.411   0.465   0.546   0.431   0.470   0.432   0.475   0.491   0.439   0.439
1935.000   0.552   0.309   0.270   0.278   0.333   0.584   0.499   0.561   0.472   0.498   0.516   0.578   0.579   0.491   0.448   0.493   0.482   0.551   0.579   0.579
1936.000   0.450   0.592   0.589   0.678   0.576   0.509   0.599   0.482   0.441   0.514   0.490   0.519   0.571   0.417   0.471   0.515   0.542   0.578   0.474   0.486
1937.000   0.575   0.873   0.872   0.776   0.911   0.696   0.867   0.495   0.615   0.486   0.618   0.578   0.478   0.553   0.574   0.613   0.599   0.514   0.506   0.438
1938.000   0.516   0.217   0.198   0.254   0.320   0.473   0.278   0.529   0.491   0.524   0.538   0.473   0.531   0.513   0.412   0.490   0.490   0.493   0.581   0.541
1939.000   0.458   0.324   0.364   0.281   0.463   0.421   0.536   0.575   0.535   0.493   0.520   0.620   0.508   0.599   0.583   0.583   0.596   0.522   0.503   0.420
1940.000   0.817   0.932   0.966   0.948   0.856   0.869   0.893   0.629   0.765   0.695   0.737   0.715   0.732   0.637   0.756   0.864   0.801   0.698   0.688   0.713
1941.000   0.551   0.500   0.582   0.608   0.501   0.468   0.529   0.399   0.548   0.613   0.611   0.494   0.584   0.395   0.553   0.562   0.551   0.596   0.494   0.590
1942.000   0.407   0.606   0.622   0.666   0.619   0.543   0.528   0.588   0.590   0.582   0.645   0.623   0.575   0.609   0.613   0.675   0.684   0.666   0.536   0.480
1943.000   0.525   0.385   0.381   0.474   0.409   0.601   0.400   0.580   0.505   0.458   0.477   0.578   0.554   0.607   0.560   0.677   0.681   0.667   0.581   0.535
1944.000   0.545   0.723   0.680   0.756   0.587   0.485   0.571   0.500   0.550   0.467   0.530   0.517   0.496   0.497   0.495   0.543   0.483   0.486   0.500   0.532
1945.000   0.476   0.786   0.761   0.766   0.735   0.627   0.719   0.545   0.652   0.589   0.680   0.578   0.566   0.577   0.538   0.617   0.590   0.524   0.575   0.549
1946.000   0.390   0.523   0.554   0.458   0.586   0.555   0.548   0.469   0.596   0.557   0.608   0.529   0.551   0.527   0.542   0.613   0.589   0.566   0.558   0.545
1947.000   0.364   0.376   0.450   0.465   0.442   0.422   0.489   0.499   0.545   0.521   0.563   0.559   0.501   0.525   0.565   0.598   0.584   0.520   0.536   0.521
1948.000   0.508   0.460   0.461   0.540   0.515   0.477   0.361   0.481   0.586   0.465   0.562   0.485   0.472   0.519   0.497   0.499   0.452   0.482   0.526   0.615
1949.000   0.504   0.037   0.062   0.088   0.168   0.336   0.246   0.517   0.444   0.411   0.394   0.495   0.418   0.503   0.458   0.403   0.377   0.377   0.521   0.526
1950.000   0.484   0.761   0.725   0.718   0.758   0.446   0.657   0.479   0.499   0.421   0.500   0.464   0.395   0.562   0.477   0.471   0.459   0.375   0.542   0.466
1951.000   0.506   0.511   0.516   0.485   0.582   0.416   0.507   0.419   0.583   0.391   0.492   0.426   0.455   0.482   0.468   0.492   0.459   0.519   0.393   0.481
1952.000   0.560   0.650   0.612   0.594   0.664   0.568   0.556   0.599   0.608   0.494   0.533   0.570   0.520   0.621   0.573   0.570   0.536   0.502   0.529   0.537
1953.000   0.643   0.698   0.639   0.739   0.662   0.591   0.576   0.610   0.672   0.573   0.630   0.607   0.617   0.630   0.599   0.551   0.557   0.546   0.500   0.551
1954.000   0.664   0.283   0.233   0.331   0.263   0.397   0.181   0.579   0.398   0.448   0.386   0.490   0.470   0.584   0.495   0.548   0.578   0.548   0.578   0.465
1955.000   0.499   0.199   0.110   0.267   0.237   0.506   0.215   0.577   0.431   0.502   0.458   0.505   0.515   0.574   0.448   0.407   0.437   0.472   0.579   0.531
1956.000   0.399   0.209   0.205   0.142   0.137   0.199   0.097   0.345   0.384   0.359   0.338   0.272   0.297   0.400   0.360   0.297   0.310   0.353   0.421   0.397
1957.000   0.615   0.604   0.633   0.507   0.508   0.583   0.605   0.576   0.686   0.626   0.614   0.559   0.642   0.604   0.607   0.613   0.590   0.548   0.541   0.589
1958.000   0.532   0.676   0.756   0.602   0.598   0.474   0.626   0.519   0.656   0.613   0.611   0.527   0.526   0.578   0.649   0.679   0.688   0.638   0.544   0.564
1959.000   0.624   0.231   0.223   0.318   0.247   0.291   0.318   0.544   0.356   0.522   0.378   0.472   0.556   0.455   0.436   0.394   0.405   0.478   0.487   0.516
1960.000   0.550   0.742   0.658   0.702   0.642   0.617   0.651   0.540   0.634   0.584   0.657   0.588   0.614   0.529   0.539   0.627   0.616   0.612   0.544   0.562
1961.000   0.548   0.374   0.369   0.440   0.403   0.573   0.342   0.542   0.417   0.552   0.451   0.501   0.574   0.494   0.497   0.496   0.521   0.554   0.456   0.451
1962.000   0.557   0.609   0.496   0.552   0.488   0.542   0.468   0.417   0.479   0.475   0.503   0.398   0.442   0.432   0.405   0.449   0.441   0.467   0.524   0.516
1963.000   0.471   0.297   0.248   0.228   0.101   0.270   0.228   0.504   0.350   0.469   0.389   0.495   0.534   0.433   0.400   0.378   0.365   0.430   0.524   0.501
1964.000   0.547   0.539   0.518   0.639   0.439   0.574   0.368   0.552   0.567   0.523   0.571   0.509   0.507   0.598   0.558   0.575   0.562   0.528   0.642   0.605
1965.000   0.624   1.095   1.186   0.946   1.009   0.753   0.853   0.491   0.740   0.600   0.661   0.526   0.586   0.608   0.681   0.697   0.681   0.561   0.545   0.545
1966.000   0.568   0.390   0.436   0.309   0.483   0.447   0.463   0.505   0.599   0.568   0.571   0.495   0.578   0.538   0.549   0.494   0.470   0.493   0.540   0.646
1967.000   0.613   0.716   0.727   0.688   0.717   0.555   0.542   0.516   0.464   0.466   0.449   0.485   0.503   0.498   0.487   0.493   0.496   0.485   0.528   0.529
1968.000   0.569   0.692   0.658   0.593   0.622   0.631   0.510   0.589   0.721   0.608   0.674   0.558   0.642   0.688   0.607   0.688   0.692   0.686   0.562   0.605
1969.000   0.629   0.638   0.612   0.655   0.539   0.570   0.492   0.640   0.571   0.551   0.573   0.617   0.557   0.578   0.573   0.528   0.515   0.498   0.622   0.612
1970.000   0.577   0.480   0.409   0.515   0.409   0.531   0.468   0.554   0.476   0.573   0.551   0.560   0.578   0.486   0.468   0.494   0.479   0.533   0.564   0.600
1971.000   0.451   0.345   0.285   0.228   0.375   0.305   0.401   0.413   0.343   0.348   0.367   0.401   0.356   0.397   0.330   0.335   0.340   0.394   0.436   0.392
1972.000   0.561   0.481   0.507   0.433   0.609   0.356   0.476   0.403   0.416   0.358   0.364   0.421   0.365   0.424   0.465   0.357   0.332   0.312   0.421   0.461
1973.000   0.584   0.782   0.709   0.737   0.780   0.587   0.630   0.681   0.572   0.540   0.599   0.641   0.579   0.710   0.608   0.609   0.605   0.548   0.657   0.582
1974.000   0.507   0.323   0.256   0.290   0.330   0.334   0.318   0.438   0.262   0.406   0.293   0.387   0.433   0.399   0.356   0.299   0.343   0.368   0.432   0.386
1975.000   0.671   0.663   0.660   0.692   0.629   0.621   0.606   0.605   0.643   0.544   0.650   0.554   0.561   0.650   0.524   0.582   0.570   0.551   0.568   0.543
1976.000   0.597   0.412   0.455   0.357   0.549   0.447   0.429   0.536   0.424   0.436   0.402   0.504   0.487   0.558   0.515   0.489   0.521   0.504   0.491   0.423
1977.000   0.702   0.767   0.779   0.689   0.893   0.711   0.733   0.676   0.708   0.684   0.712   0.668   0.711   0.693   0.649   0.708   0.699   0.644   0.597   0.597
1978.000   0.564   0.401   0.365   0.442   0.407   0.481   0.430   0.439   0.439   0.545   0.496   0.447   0.471   0.439   0.470   0.453   0.494   0.546   0.468   0.467
1979.000   0.658   0.661   0.645   0.672   0.664   0.677   0.688   0.538   0.597   0.529   0.557   0.558   0.504   0.588   0.614   0.589   0.597   0.562   0.543   0.577
1980.000   0.784   0.694   0.734   0.721   0.727   0.664   0.742   0.597   0.663   0.653   0.679   0.631   0.628   0.603   0.627   0.697   0.683   0.588   0.613   0.589
1981.000   0.496   0.534   0.530   0.584   0.601   0.600   0.516   0.469   0.457   0.582   0.520   0.469   0.554   0.479   0.484   0.467   0.511   0.581   0.468   0.488
1982.000   0.673   0.631   0.598   0.638   0.591   0.532   0.578   0.588   0.568   0.550   0.578   0.638   0.567   0.585   0.594   0.568   0.557   0.529   0.611   0.568
1983.000   0.515   0.529   0.593   0.561   0.613   0.583   0.640   0.533   0.617   0.589   0.620   0.619   0.539   0.579   0.688   0.596   0.600   0.582   0.508   0.486
1984.000   0.560   0.532   0.544   0.563   0.496   0.589   0.565   0.535   0.511   0.530   0.550   0.557   0.565   0.553   0.548   0.564   0.558   0.559   0.522   0.518
1985.000   0.546   0.475   0.489   0.558   0.484   0.554   0.535   0.564   0.489   0.518   0.545   0.565   0.499   0.575   0.513   0.515   0.522   0.468   0.554   0.484
1986.000   0.632   0.633   0.674   0.612   0.622   0.589   0.660   0.566   0.612   0.638   0.662   0.604   0.643   0.592   0.573   0.637   0.640   0.586   0.535   0.528
1987.000   0.648   0.699   0.731   0.658   0.715   0.719   0.766   0.568   0.594   0.652   0.672   0.661   0.640   0.554   0.636   0.602   0.573   0.528   0.630   0.583
1988.000   0.573   0.580   0.600   0.576   0.545   0.555   0.580   0.464   0.512   0.533   0.535   0.459   0.475   0.487   0.500   0.513   0.521   0.492   0.418   0.486
1989.000   0.396   0.317   0.371   0.332   0.320   0.359   0.359   0.447   0.404   0.428   0.403   0.406   0.435   0.471   0.444   0.430   0.456   0.410   0.428   0.394
1990.000   0.408   0.407   0.384   0.418   0.414   0.469   0.440   0.438   0.465   0.412   0.454   0.464   0.344   0.444   0.479   0.411   0.419   0.457   0.484   0.535
1991.000   0.460   0.447   0.472   0.479   0.477   0.478   0.459   0.512   0.474   0.485   0.412   0.484   0.436   0.511   0.542   0.502   0.470   0.376   0.516   0.538
1992.000   0.527   0.448   0.532   0.493   0.481   0.509   0.523   0.463   0.546   0.585   0.534   0.490   0.484   0.443   0.565   0.427   0.438   0.461   0.416   0.478
1993.000   0.537   0.491   0.506   0.527   0.529   0.564   0.568   0.508   0.536   0.567   0.557   0.578   0.541   0.478   0.594   0.508   0.500   0.473   0.538   0.557
1994.000   0.458   0.379   0.428   0.382   0.459   0.472   0.445   0.421   0.408   0.424   0.409   0.469   0.410   0.368   0.440   0.421   0.419   0.503   0.376   0.409
1995.000   0.489   0.471   0.480   0.478   0.445   0.475   0.485   0.385   0.467   0.451   0.472   0.463   0.472   0.473   0.537   0.520   0.497   0.509   0.419   0.485
1996.000   0.456   0.338   0.350   0.361   0.335   0.420   0.410   0.463   0.377   0.453   0.428   0.495   0.473   0.475   0.491   0.486   0.479   0.509   0.493   0.495
1997.000   0.492   0.521   0.544   0.524   0.552   0.577   0.527   0.480   0.560   0.549   0.565   0.547   0.563   0.491   0.551   0.523   0.532   0.587   0.470   0.585
1998.000   0.467   0.358   0.398   0.307   0.415   0.427   0.369   0.412   0.407   0.525   0.419   0.426   0.461   0.406   0.486   0.410   0.390   0.432   0.462   0.489
1999.000   0.367   0.361   0.373   0.336   0.323   0.297   0.354   0.345   0.275   0.280   0.293   0.330   0.268   0.353   0.319   0.329   0.311   0.333   0.428   0.358
2000.000   0.454   0.320   0.355   0.340   0.301   0.317   0.368   0.352   0.365   0.415   0.366   0.333   0.339   0.397   0.391   0.354   0.372   0.381   0.348   0.311
2001.000   0.405   0.295   0.277   0.388   0.302   0.393   0.345   0.497   0.482   0.463   0.503   0.504   0.462   0.522   0.491   0.448   0.452   0.482   0.501   0.492
2002.000   0.593   0.545   0.521   0.546   0.522   0.533   0.557   0.561   0.522   0.522   0.513   0.551   0.484   0.525   0.511   0.444   0.415   0.406   0.510   0.562
2003.000   0.427   0.392   0.417   0.457   0.485   0.467   0.411   0.370   0.374   0.487   0.410   0.368   0.424   0.348   0.415   0.383   0.395   0.462   0.373   0.495
2004.000   0.523   0.424   0.421   0.421   0.382   0.574   0.398   0.519   0.545   0.591   0.532   0.494   0.521   0.507   0.531   0.522   0.501   0.523   0.513   0.583
2005.000   0.604   0.590   0.587   0.639   0.713   0.682   0.627   0.589   0.589   0.595   0.617   0.606   0.553   0.583   0.587   0.581   0.567   0.558   0.555   0.606
2006.000   0.400   0.448   0.393   0.406   0.377   0.390   0.365   0.473   0.426   0.485   0.417   0.457   0.456   0.448   0.446   0.457   0.446   0.449   0.424   0.437
2007.000   0.364   0.389   0.416   0.419   0.382   0.461   0.368   0.477   0.468   0.458   0.486   0.470   0.427   0.506   0.498   0.433   0.458   0.498   0.500   0.494
2008.000   0.256   0.300   0.275   0.330   0.297   0.352   0.381   0.365   0.369   0.337   0.402   0.379   0.366   0.339   0.303   0.325   0.275   0.301   0.401   0.403
2009.000   0.414   0.403   0.425   0.373   0.351   0.397   0.387   0.516   0.492   0.448   0.444   0.495   0.463   0.525   0.488   0.415   0.389   0.366   0.502   0.507
2010.000   0.408   0.298   0.336   0.271   0.283   0.410   0.288   0.455   0.418   0.497   0.449   0.454   0.429   0.435   0.475   0.402   0.382   0.397   0.480   0.553
2011.000   0.515   0.425   0.412   0.367   0.345   0.350   0.398   0.421   0.419   0.444   0.424   0.399   0.417   0.455   0.426   0.370   0.353   0.376   0.490   0.515
2012.000   0.407   0.394   0.412   0.401   0.415   0.377   0.354   0.450   0.438   0.404   0.397   0.404   0.411   0.430   0.405   0.335   0.346   0.450   0.429   0.463
2013.000   0.326   0.318   0.323   0.290   0.263   0.259   0.302   0.376   0.332   0.368   0.329   0.365   0.305   0.358   0.363   0.368   0.352   0.384   0.424   0.401
2014.000   0.501   0.522   0.488   0.456   0.499   0.531   0.508   0.559   0.563   0.561   0.590   0.591   0.554   0.588   0.558   0.510   0.523   0.551   0.496   0.500
2015.000   0.455   0.435   0.457   0.467   0.456   0.436   0.437   0.460   0.390   0.499   0.471   0.524   0.463   0.414   0.471   0.443   0.427   0.483   0.531   0.525
2016.000   0.476   0.481   0.517   0.546   0.574   0.548   0.591   0.584   0.622   0.662   0.676   0.595   0.609   0.600   0.628   0.569   0.599   0.652   0.558   0.616
2017.000   0.258   0.378   0.390   0.422   0.349   0.387   0.389   0.469   0.348   0.495   0.381   0.473   0.401   0.475   0.513   0.417   0.411   0.404   0.491   0.413
2018.000   0.557   0.491   0.435   0.515   0.414   0.515   0.429   0.549   0.436   0.470   0.450   0.501   0.473   0.528   0.449   0.491   0.482   0.494   0.520   0.500
2019.000   0.506   0.507   0.486   0.434   0.489   0.513   0.501   0.599   0.444   0.533   0.495   0.590   0.506   0.550   0.518   0.478   0.448   0.482   0.590   0.545
2020.000   0.474   0.304   0.301   0.313   0.300   0.392   0.325   0.498   0.461   0.460   0.424   0.466   0.383   0.513   0.501   0.442   0.434   0.429   0.496   0.534
