 Year East_Antarctica DJF
1905.000   0.828   0.844   0.711   0.765   0.786
1906.000   0.760   0.825   0.871   0.706   0.745
1907.000   0.883   0.827   0.711   0.719   0.769
1908.000   0.887   0.874   0.822   0.865   0.816
1909.000   0.850   0.767   0.694   0.748   0.779
1910.000   0.861   0.868   0.949   0.902   0.996
1911.000   0.862   0.816   0.812   0.893   0.897
1912.000   0.923   0.978   0.897   0.879   0.897
1913.000   0.886   0.855   0.898   0.917   0.903
1914.000   0.885   0.994   0.974   0.969   0.872
1915.000   0.984   0.969   0.867   0.812   0.888
1916.000   0.851   0.964   0.972   0.943   0.916
1917.000   0.849   0.797   0.830   0.927   0.940
1918.000   0.785   0.906   0.724   0.820   0.738
1919.000   0.847   0.891   0.867   0.875   0.864
1920.000   0.927   0.923   0.977   0.988   0.915
1921.000   0.857   0.976   0.971   0.952   0.895
1922.000   0.881   0.978   0.818   0.941   0.847
1923.000   0.833   0.907   0.731   0.830   0.846
1924.000   0.805   0.771   0.682   0.728   0.838
1925.000   0.806   0.821   0.705   0.804   0.814
1926.000   0.809   0.793   0.698   0.866   0.887
1927.000   0.906   0.975   0.887   0.891   0.941
1928.000   0.858   0.832   0.770   0.896   0.834
1929.000   0.844   0.915   0.937   0.919   0.941
1930.000   0.866   0.792   0.843   0.817   0.855
1931.000   0.919   0.783   0.788   0.860   0.920
1932.000   0.807   0.836   0.891   0.900   0.874
1933.000   0.866   0.810   0.732   0.767   0.809
1934.000   0.865   0.810   0.847   0.834   0.865
1935.000   0.811   0.857   0.827   0.799   0.844
1936.000   0.873   0.917   0.993   0.976   0.978
1937.000   0.862   0.839   0.878   0.826   0.837
1938.000   0.863   0.917   0.798   0.780   0.855
1939.000   0.871   0.880   0.859   0.862   0.910
1940.000   0.791   0.725   0.748   0.772   0.837
1941.000   0.882   0.821   0.817   0.807   0.820
1942.000   0.870   0.890   0.885   0.944   0.935
1943.000   0.792   0.876   0.759   0.887   0.894
1944.000   0.788   0.756   0.742   0.784   0.767
1945.000   0.908   0.994   0.871   0.990   1.011
1946.000   0.898   0.876   0.740   0.916   0.895
1947.000   0.944   0.926   0.871   0.941   0.920
1948.000   0.831   0.832   0.724   0.756   0.780
1949.000   0.940   0.825   0.843   0.892   0.899
1950.000   0.890   0.861   0.874   0.816   0.859
1951.000   0.865   0.907   0.911   0.820   0.806
1952.000   0.942   0.954   0.988   0.963   0.979
1953.000   0.889   0.849   0.903   0.842   0.870
1954.000   0.932   0.932   0.963   0.873   0.898
1955.000   0.914   0.919   0.953   0.877   0.912
1956.000   0.922   0.917   0.964   0.876   0.891
1957.000   0.909   0.838   0.906   0.860   0.840
1958.000   0.954   0.969   0.885   0.832   0.959
1959.000   0.894   0.880   0.982   0.807   0.855
1960.000   0.919   0.930   0.929   0.909   0.919
1961.000   0.811   0.815   0.888   0.859   0.807
1962.000   0.871   0.887   1.006   0.887   0.872
1963.000   0.796   0.861   1.051   0.854   0.841
1964.000   0.835   0.756   0.815   0.805   0.830
1965.000   0.892   0.842   0.880   0.863   0.919
1966.000   0.967   0.981   0.969   0.900   0.961
1967.000   0.882   0.796   0.823   0.844   0.844
1968.000   0.917   0.920   0.911   0.914   0.904
1969.000   0.938   0.985   0.938   0.976   0.911
1970.000   0.800   0.818   0.836   0.831   0.821
1971.000   0.846   0.862   0.824   0.816   0.800
1972.000   0.831   0.785   0.972   0.890   0.909
1973.000   0.817   0.824   0.889   0.857   0.840
1974.000   0.852   0.801   0.914   0.824   0.751
1975.000   0.809   0.709   0.739   0.823   0.789
1976.000   0.899   0.874   0.902   0.897   0.810
1977.000   0.917   0.814   0.883   0.846   0.842
1978.000   0.899   0.862   0.923   0.855   0.820
1979.000   0.905   0.829   0.816   0.811   0.779
1980.000   0.792   0.847   0.857   0.813   0.833
1981.000   0.867   0.941   0.987   0.969   0.911
1982.000   0.894   0.856   0.861   0.823   0.882
1983.000   0.904   0.839   0.862   0.901   0.875
1984.000   0.795   0.819   0.848   0.826   0.800
1985.000   0.828   0.778   0.764   0.762   0.765
1986.000   0.813   0.773   0.734   0.772   0.782
1987.000   0.788   0.713   0.721   0.836   0.774
1988.000   0.827   0.752   0.828   0.834   0.825
1989.000   0.787   0.891   0.897   0.928   0.912
1990.000   0.800   0.768   0.836   0.776   0.763
1991.000   0.857   0.865   0.839   0.836   0.872
1992.000   0.841   0.826   0.825   0.887   0.865
1993.000   0.732   0.770   0.823   0.792   0.762
1994.000   0.847   0.899   0.815   0.847   0.843
1995.000   0.888   1.005   0.986   0.905   0.875
1996.000   0.920   0.867   0.891   0.898   0.900
1997.000   0.807   0.901   0.965   0.904   0.858
1998.000   0.903   0.932   0.940   0.950   0.986
1999.000   0.854   0.888   0.848   0.839   0.840
2000.000   0.766   0.775   0.773   0.788   0.761
2001.000   0.839   0.902   0.885   0.905   0.906
2002.000   0.759   0.712   0.741   0.770   0.765
2003.000   0.822   0.861   0.916   0.925   0.919
2004.000   0.766   0.801   0.879   0.856   0.878
2005.000   0.855   0.882   0.819   0.847   0.828
2006.000   0.845   0.792   0.872   0.811   0.875
2007.000   0.854   0.873   0.883   0.938   0.871
2008.000   0.932   0.931   1.001   1.030   0.931
2009.000   0.927   0.927   0.829   0.876   0.869
2010.000   0.996   0.937   0.971   0.953   0.939
2011.000   0.826   0.795   0.787   0.779   0.731
2012.000   0.818   0.829   0.913   0.879   0.861
2013.000   1.058   0.967   0.997   0.984   0.967
2014.000   0.937   0.996   1.008   0.965   0.984
2015.000   0.976   0.988   1.018   0.954   0.963
2016.000   1.003   0.970   0.917   0.891   0.897
2017.000   0.848   0.890   0.863   0.836   0.815
2018.000   0.802   0.835   0.826   0.879   0.840
2019.000   0.738   0.712   0.785   0.810   0.837
2020.000   0.817   0.846   0.879   0.890   0.891
