 Year East_Antarctica SON
1905.000   2.740   2.977   2.909   3.243   2.852   2.752
1906.000   3.001   2.996   3.012   2.724   2.810   2.942
1907.000   2.880   2.767   2.701   2.947   2.864   2.732
1908.000   2.902   2.979   2.848   2.985   3.026   2.984
1909.000   2.671   2.633   2.665   2.940   3.041   2.797
1910.000   3.046   3.179   3.176   3.312   3.188   3.149
1911.000   3.094   2.887   2.829   3.398   2.964   2.848
1912.000   2.952   2.891   2.839   3.500   2.950   2.903
1913.000   2.856   3.113   3.002   3.776   3.321   3.101
1914.000   3.157   2.792   2.851   3.161   3.224   3.069
1915.000   2.797   3.145   3.161   3.457   3.115   2.918
1916.000   3.049   3.104   3.074   3.476   3.186   3.048
1917.000   2.822   2.819   2.873   3.067   2.756   2.907
1918.000   2.757   2.749   2.830   2.903   2.969   2.890
1919.000   2.901   2.921   2.693   2.993   2.946   2.782
1920.000   3.121   3.040   3.109   3.219   3.077   2.919
1921.000   3.066   2.947   2.916   2.900   3.131   3.055
1922.000   2.954   2.925   2.972   3.139   3.107   2.937
1923.000   2.546   2.556   2.619   2.679   2.614   2.603
1924.000   2.914   2.650   2.550   2.906   2.920   2.794
1925.000   2.770   2.769   2.751   3.212   2.820   2.817
1926.000   2.988   2.901   2.905   3.083   3.039   2.899
1927.000   2.947   2.827   2.902   3.089   3.129   2.997
1928.000   2.977   3.117   2.896   3.383   3.101   2.972
1929.000   2.816   3.073   3.020   3.111   3.041   2.970
1930.000   3.217   3.045   2.925   3.492   3.240   2.989
1931.000   2.999   2.831   2.871   2.736   2.936   2.867
1932.000   2.979   3.124   3.052   3.136   2.932   2.907
1933.000   3.133   3.095   3.018   3.024   2.983   2.934
1934.000   2.899   2.795   2.770   2.758   2.721   2.758
1935.000   2.712   2.729   2.571   3.043   2.848   2.774
1936.000   2.836   2.959   2.795   2.964   3.013   2.780
1937.000   2.849   2.960   2.984   3.422   3.158   2.952
1938.000   2.904   2.979   2.941   3.319   2.984   2.979
1939.000   2.427   2.326   2.470   1.621   2.529   2.583
1940.000   3.018   3.135   3.011   3.353   3.045   2.889
1941.000   2.864   2.961   2.809   2.995   2.924   2.827
1942.000   2.965   2.874   2.965   2.985   2.952   2.854
1943.000   2.801   2.662   2.678   2.489   2.668   2.677
1944.000   3.184   3.147   3.088   3.027   3.271   3.191
1945.000   2.995   3.160   3.037   3.157   3.102   2.978
1946.000   2.730   2.785   2.710   2.279   2.607   2.710
1947.000   2.967   3.041   2.866   2.648   2.847   2.910
1948.000   2.815   2.959   2.868   2.496   2.902   2.782
1949.000   2.873   3.036   2.910   2.729   3.089   3.057
1950.000   2.942   2.920   2.840   2.422   2.878   2.803
1951.000   2.840   2.749   2.848   3.003   2.781   2.761
1952.000   2.819   2.870   2.909   2.359   2.805   2.828
1953.000   2.789   2.988   3.035   2.620   2.827   2.851
1954.000   3.135   2.948   2.900   2.297   2.774   2.875
1955.000   2.978   2.688   2.587   2.857   2.578   2.724
1956.000   2.772   2.607   2.677   2.290   2.627   2.651
1957.000   3.006   2.929   2.931   2.892   2.789   2.734
1958.000   2.757   2.881   2.969   2.163   2.673   2.771
1959.000   3.139   2.940   2.930   2.788   3.031   2.932
1960.000   2.892   2.940   2.947   2.790   2.644   2.743
1961.000   2.736   2.767   2.964   2.379   2.685   2.850
1962.000   2.845   2.817   2.827   2.334   2.853   2.884
1963.000   2.820   2.644   2.839   2.550   2.622   2.698
1964.000   2.723   2.594   2.473   2.470   2.337   2.561
1965.000   3.105   3.149   3.048   3.176   2.909   2.978
1966.000   2.880   2.814   2.848   2.592   2.537   2.732
1967.000   3.030   3.201   3.137   2.924   2.897   2.899
1968.000   2.751   2.848   2.710   2.529   2.527   2.756
1969.000   2.976   3.154   3.170   3.035   2.808   2.870
1970.000   2.803   2.977   2.965   2.407   2.705   2.779
1971.000   2.778   3.110   2.851   2.948   2.726   2.777
1972.000   2.659   2.618   2.872   2.376   2.691   2.758
1973.000   3.039   2.974   2.897   2.945   2.786   2.801
1974.000   2.703   2.588   2.573   2.671   2.644   2.635
1975.000   2.813   2.932   2.931   2.599   2.657   2.839
1976.000   2.812   2.718   2.686   2.391   2.736   2.657
1977.000   3.025   3.224   3.085   3.273   3.054   3.035
1978.000   2.884   2.907   3.016   2.635   2.644   2.859
1979.000   2.612   2.715   2.724   2.633   2.561   2.672
1980.000   2.723   2.898   2.885   2.844   2.781   2.872
1981.000   2.987   2.847   2.838   2.969   2.888   2.882
1982.000   3.315   3.138   3.120   3.172   3.162   3.045
1983.000   3.151   3.229   3.194   3.278   2.996   2.980
1984.000   2.772   2.758   2.903   2.922   2.814   2.753
1985.000   2.925   2.917   2.921   2.980   2.899   2.863
1986.000   2.563   2.474   2.506   2.530   2.509   2.610
1987.000   2.701   2.635   2.759   2.601   2.867   2.870
1988.000   2.804   2.789   2.798   2.838   2.948   2.919
1989.000   2.495   2.522   2.595   2.582   2.734   2.686
1990.000   2.805   2.732   2.769   2.871   3.005   2.909
1991.000   2.670   2.628   2.661   2.768   2.830   2.813
1992.000   2.706   2.541   2.525   2.665   2.586   2.654
1993.000   3.080   3.024   3.021   3.037   3.062   2.980
1994.000   2.830   2.846   2.771   2.870   2.996   2.931
1995.000   2.794   2.757   2.943   2.960   2.875   3.020
1996.000   2.842   2.848   2.907   2.897   2.886   2.929
1997.000   2.852   2.752   2.836   2.793   2.865   2.885
1998.000   2.952   2.968   3.016   3.046   2.940   2.955
1999.000   3.025   2.894   3.014   3.059   3.050   3.137
2000.000   2.635   2.586   2.711   2.699   2.692   2.741
2001.000   2.586   2.691   2.762   2.751   2.771   2.793
2002.000   2.669   2.682   2.774   2.694   2.711   2.856
2003.000   2.923   2.871   2.958   2.929   2.860   2.842
2004.000   2.674   2.628   2.635   2.658   2.785   2.784
2005.000   2.861   2.677   2.831   2.817   2.665   2.850
2006.000   3.120   3.060   3.104   3.187   3.059   3.148
2007.000   2.840   2.773   2.737   2.846   2.950   2.922
2008.000   2.801   2.776   2.857   2.758   2.838   3.082
2009.000   2.718   2.891   3.046   2.874   2.740   2.842
2010.000   2.755   2.800   2.846   2.586   2.653   2.829
2011.000   2.877   2.927   2.978   2.897   2.919   3.081
2012.000   3.109   3.112   3.054   3.113   2.989   3.027
2013.000   3.073   3.022   2.944   3.074   3.068   2.969
2014.000   2.957   2.986   3.124   2.967   3.052   3.120
2015.000   2.922   2.933   2.981   2.955   2.983   2.989
2016.000   2.574   2.595   2.701   2.621   2.532   2.768
2017.000   2.783   2.716   2.763   2.875   2.691   2.797
2018.000   2.603   2.841   2.878   2.732   2.777   2.911
2019.000   2.665   2.729   2.788   2.715   2.905   2.974
2020.000   2.807   2.871   2.844   2.879   2.873   3.018
