 Year East_Antarctica JJA
1905.000   2.629   2.566   2.782   2.540   2.552   2.548   2.539
1906.000   2.607   2.749   2.714   2.653   2.765   2.664   2.677
1907.000   2.887   2.951   2.988   2.536   2.640   2.616   2.626
1908.000   2.625   2.532   2.676   2.688   2.718   2.701   2.688
1909.000   2.532   2.648   2.898   2.581   2.561   2.577   2.561
1910.000   2.816   2.751   2.693   2.766   2.737   2.666   2.679
1911.000   2.861   2.889   2.841   2.955   2.823   2.858   2.932
1912.000   2.689   2.439   2.754   2.572   2.642   2.654   2.620
1913.000   2.640   2.464   2.638   2.667   2.660   2.674   2.673
1914.000   2.825   2.770   2.741   2.650   2.684   2.668   2.624
1915.000   2.785   2.811   2.835   2.569   2.707   2.633   2.667
1916.000   2.661   2.787   2.701   2.675   2.758   2.728   2.758
1917.000   2.785   2.794   2.476   2.661   2.730   2.629   2.668
1918.000   2.683   2.921   2.964   2.681   2.604   2.627   2.592
1919.000   2.579   2.560   2.544   2.710   2.624   2.679   2.673
1920.000   2.693   2.823   2.778   2.686   2.751   2.682   2.736
1921.000   2.725   2.898   2.967   2.729   2.765   2.719   2.726
1922.000   2.650   2.776   2.815   2.594   2.705   2.695   2.698
1923.000   2.602   2.441   2.557   2.480   2.610   2.518   2.505
1924.000   2.868   2.665   2.831   2.738   2.871   2.769   2.787
1925.000   2.592   2.307   2.628   2.665   2.584   2.678   2.653
1926.000   2.839   2.322   2.293   2.743   2.757   2.780   2.806
1927.000   2.597   3.100   3.092   2.512   2.458   2.517   2.513
1928.000   2.725   2.931   2.752   2.575   2.652   2.725   2.763
1929.000   2.527   2.552   2.451   2.571   2.548   2.617   2.614
1930.000   2.862   2.747   2.866   2.521   2.540   2.639   2.606
1931.000   2.716   2.774   2.849   2.720   2.677   2.681   2.705
1932.000   2.659   2.324   2.279   2.612   2.683   2.762   2.753
1933.000   2.748   2.707   2.784   2.758   2.749   2.779   2.778
1934.000   2.743   2.886   3.170   2.686   2.641   2.710   2.708
1935.000   2.670   2.587   2.537   2.644   2.620   2.635   2.582
1936.000   2.707   2.801   2.869   2.645   2.620   2.635   2.638
1937.000   2.749   2.665   2.776   2.813   2.793   2.816   2.774
1938.000   2.713   2.725   2.674   2.718   2.759   2.757   2.767
1939.000   2.445   1.586   1.503   2.388   2.315   2.423   2.408
1940.000   2.742   2.587   2.512   2.567   2.616   2.604   2.691
1941.000   2.721   2.636   2.670   2.561   2.553   2.547   2.546
1942.000   2.665   2.831   2.760   2.701   2.768   2.721   2.802
1943.000   2.558   2.763   2.813   2.606   2.602   2.563   2.581
1944.000   2.689   2.435   2.497   2.678   2.620   2.646   2.625
1945.000   2.703   2.583   2.542   2.704   2.693   2.749   2.784
1946.000   2.526   2.827   2.601   2.534   2.486   2.485   2.512
1947.000   2.532   2.643   2.519   2.508   2.465   2.444   2.507
1948.000   2.749   3.018   2.987   2.665   2.762   2.670   2.703
1949.000   2.521   2.588   2.665   2.654   2.613   2.683   2.650
1950.000   2.817   2.760   2.837   2.833   2.857   2.879   2.784
1951.000   2.839   2.680   2.877   2.810   2.755   2.783   2.729
1952.000   2.545   2.532   2.683   2.818   2.798   2.784   2.796
1953.000   2.539   2.313   2.411   2.741   2.715   2.701   2.660
1954.000   2.795   2.548   2.433   2.835   2.808   2.826   2.777
1955.000   2.780   2.643   2.684   2.830   2.743   2.781   2.667
1956.000   2.776   2.720   2.614   2.916   2.923   2.820   2.766
1957.000   2.759   2.328   2.373   2.802   2.700   2.778   2.688
1958.000   2.698   2.535   2.552   2.662   2.689   2.679   2.641
1959.000   2.926   3.006   3.159   2.706   2.826   2.770   2.791
1960.000   2.664   2.769   2.720   2.787   2.684   2.732   2.671
1961.000   2.565   2.825   2.859   2.589   2.579   2.604   2.547
1962.000   2.707   3.039   2.824   2.834   2.775   2.745   2.722
1963.000   2.644   2.623   2.575   2.670   2.655   2.699   2.636
1964.000   2.600   2.972   2.809   2.588   2.611   2.526   2.500
1965.000   2.704   2.789   2.850   2.682   2.665   2.670   2.586
1966.000   2.627   2.756   2.628   2.602   2.703   2.695   2.670
1967.000   2.884   2.574   2.501   2.759   2.791   2.824   2.801
1968.000   2.563   2.600   2.548   2.704   2.609   2.655   2.586
1969.000   2.764   2.977   2.806   2.671   2.730   2.723   2.686
1970.000   2.557   2.854   2.670   2.662   2.711   2.607   2.623
1971.000   2.704   3.101   2.952   2.867   2.882   2.837   2.802
1972.000   2.587   2.432   2.424   2.550   2.575   2.611   2.583
1973.000   2.668   2.673   2.643   2.640   2.688   2.698   2.711
1974.000   2.602   2.416   2.488   2.632   2.595   2.668   2.630
1975.000   2.713   2.641   2.552   2.681   2.700   2.693   2.652
1976.000   2.647   2.556   2.729   2.596   2.534   2.589   2.477
1977.000   2.706   2.577   2.545   2.739   2.725   2.684   2.645
1978.000   2.766   2.888   2.627   2.720   2.761   2.697   2.714
1979.000   2.595   2.620   2.588   2.628   2.628   2.670   2.683
1980.000   2.437   2.549   2.519   2.497   2.512   2.560   2.522
1981.000   2.632   2.487   2.447   2.630   2.556   2.602   2.576
1982.000   2.867   2.858   2.910   2.833   2.867   2.833   2.795
1983.000   2.847   2.845   2.850   2.789   2.812   2.797   2.760
1984.000   2.755   2.865   2.846   2.722   2.768   2.710   2.762
1985.000   2.620   2.846   2.800   2.788   2.714   2.770   2.802
1986.000   2.561   2.598   2.572   2.526   2.518   2.535   2.514
1987.000   2.536   2.612   2.577   2.551   2.552   2.620   2.590
1988.000   2.628   2.641   2.654   2.739   2.740   2.731   2.716
1989.000   2.562   2.580   2.579   2.725   2.659   2.677   2.667
1990.000   2.651   2.784   2.791   2.693   2.666   2.606   2.640
1991.000   2.460   2.356   2.350   2.459   2.474   2.484   2.526
1992.000   2.557   2.725   2.708   2.593   2.636   2.641   2.684
1993.000   2.814   2.729   2.728   2.825   2.804   2.750   2.769
1994.000   2.675   2.685   2.725   2.794   2.726   2.703   2.779
1995.000   2.441   2.480   2.423   2.591   2.593   2.563   2.564
1996.000   2.688   2.786   2.748   2.629   2.664   2.658   2.684
1997.000   2.707   2.668   2.736   2.816   2.738   2.810   2.760
1998.000   2.809   2.873   2.870   2.833   2.844   2.832   2.881
1999.000   2.834   2.856   2.860   2.809   2.815   2.802   2.804
2000.000   2.774   2.889   2.769   2.846   2.814   2.803   2.834
2001.000   2.765   2.711   2.766   2.706   2.740   2.764   2.793
2002.000   2.397   2.484   2.445   2.499   2.571   2.517   2.538
2003.000   2.712   2.854   2.826   2.727   2.715   2.719   2.823
2004.000   2.434   2.524   2.596   2.622   2.639   2.639   2.675
2005.000   2.795   2.877   2.800   2.805   2.810   2.783   2.809
2006.000   2.727   2.686   2.716   2.785   2.732   2.809   2.829
2007.000   2.667   2.745   2.736   2.619   2.709   2.677   2.727
2008.000   2.628   2.624   2.617   2.710   2.628   2.696   2.669
2009.000   2.654   2.578   2.602   2.575   2.601   2.526   2.622
2010.000   2.498   2.482   2.466   2.636   2.677   2.625   2.677
2011.000   2.914   2.837   2.818   2.766   2.778   2.709   2.673
2012.000   2.703   2.653   2.673   2.708   2.612   2.659   2.683
2013.000   2.896   2.922   2.836   2.791   2.758   2.694   2.766
2014.000   2.845   2.726   2.715   2.887   2.911   2.884   2.921
2015.000   2.649   2.601   2.576   2.669   2.537   2.605   2.599
2016.000   2.782   2.746   2.735   2.733   2.732   2.648   2.702
2017.000   2.662   2.664   2.654   2.611   2.573   2.597   2.677
2018.000   2.509   2.524   2.531   2.730   2.700   2.660   2.693
2019.000   2.620   2.572   2.584   2.516   2.515   2.541   2.557
2020.000   2.601   2.536   2.563   2.744   2.655   2.724   2.772
