 Year East_Antarctica MAM
1905.000   1.317   1.388   1.380   1.344   1.333   1.296   1.396   1.297   1.249
1906.000   1.243   1.290   1.298   1.222   1.143   1.351   1.076   1.243   1.126
1907.000   1.209   1.103   1.262   1.258   1.197   1.291   1.059   1.405   1.334
1908.000   1.337   1.335   1.416   1.473   1.439   1.378   1.253   1.411   1.323
1909.000   1.259   1.493   1.475   1.618   1.561   1.281   1.156   1.315   1.292
1910.000   1.325   1.566   1.594   1.591   1.564   1.374   1.433   1.462   1.388
1911.000   1.337   1.538   1.522   1.588   1.608   1.454   1.471   1.434   1.350
1912.000   1.177   1.221   1.292   1.094   1.065   1.147   1.160   1.159   1.119
1913.000   1.315   1.215   1.303   1.231   1.167   1.283   1.264   1.196   1.102
1914.000   1.299   1.414   1.382   1.319   1.336   1.282   1.288   1.322   1.253
1915.000   1.162   1.148   1.170   1.132   1.075   1.258   1.182   1.196   1.097
1916.000   1.270   1.403   1.367   1.525   1.455   1.330   1.440   1.383   1.261
1917.000   1.329   1.490   1.534   1.414   1.338   1.323   1.269   1.556   1.403
1918.000   1.241   1.257   1.323   1.339   1.289   1.372   1.277   1.417   1.271
1919.000   1.315   1.202   1.225   1.018   0.987   1.141   1.185   1.274   1.208
1920.000   1.371   1.367   1.358   1.154   1.112   1.333   1.262   1.456   1.255
1921.000   1.377   1.277   1.406   1.127   1.138   1.549   1.519   1.443   1.348
1922.000   1.175   1.195   1.381   1.155   1.157   1.138   1.204   1.360   1.225
1923.000   0.988   1.050   1.115   1.165   1.067   1.032   1.062   1.054   1.053
1924.000   1.276   1.409   1.396   1.527   1.422   1.245   1.279   1.239   1.206
1925.000   1.163   1.088   1.222   1.117   1.054   1.166   1.116   1.183   1.157
1926.000   1.194   1.160   1.250   1.211   1.210   1.064   0.962   1.154   1.165
1927.000   1.277   1.055   1.213   1.034   0.959   1.230   1.113   1.326   1.220
1928.000   1.253   1.037   1.249   1.070   1.056   1.366   1.272   1.333   1.317
1929.000   1.173   1.297   1.384   1.355   1.304   1.224   1.262   1.179   1.154
1930.000   1.298   1.282   1.370   1.261   1.258   1.313   1.372   1.151   1.280
1931.000   1.360   1.475   1.389   1.387   1.394   1.263   1.313   1.300   1.338
1932.000   1.135   0.945   1.070   1.079   1.069   1.211   1.292   1.047   1.102
1933.000   1.150   1.345   1.350   1.289   1.240   1.164   1.217   1.218   1.124
1934.000   1.341   1.477   1.523   1.303   1.364   1.476   1.412   1.405   1.355
1935.000   1.172   1.131   1.223   1.122   1.046   1.207   1.085   1.242   1.137
1936.000   1.152   1.062   1.150   0.990   0.961   1.310   1.212   1.349   1.202
1937.000   1.065   1.022   1.137   1.011   0.953   1.111   1.031   1.164   1.144
1938.000   1.187   1.237   1.293   1.225   1.234   1.124   1.123   1.209   1.160
1939.000   1.150   1.348   1.296   1.189   1.149   1.125   1.166   1.208   1.205
1940.000   1.064   1.161   1.119   1.059   0.996   1.130   1.168   1.094   1.016
1941.000   1.291   1.334   1.228   1.159   1.147   1.293   1.275   1.442   1.369
1942.000   1.292   1.437   1.375   1.314   1.307   1.225   1.288   1.278   1.274
1943.000   1.315   1.542   1.369   1.333   1.287   1.215   1.232   1.300   1.244
1944.000   1.388   1.665   1.504   1.580   1.555   1.390   1.459   1.456   1.372
1945.000   1.287   1.354   1.195   1.250   1.210   1.203   1.281   1.127   1.144
1946.000   1.135   1.157   1.011   1.131   1.052   1.091   1.157   1.009   1.162
1947.000   1.256   1.418   1.346   1.302   1.309   1.278   1.247   1.229   1.293
1948.000   1.329   1.464   1.403   1.423   1.400   1.319   1.232   1.374   1.301
1949.000   1.231   1.279   1.196   1.147   1.143   1.178   1.188   1.156   1.146
1950.000   1.226   1.129   1.048   1.095   1.106   1.270   1.247   1.119   1.117
1951.000   1.260   1.521   1.359   1.394   1.416   1.396   1.397   1.471   1.396
1952.000   1.253   1.255   1.191   1.277   1.266   1.188   1.175   1.153   1.158
1953.000   1.317   1.262   1.264   1.190   1.286   1.313   1.324   1.162   1.202
1954.000   1.146   1.070   1.071   1.047   1.125   1.101   1.006   1.157   1.148
1955.000   1.101   1.018   1.096   1.237   1.294   1.086   1.144   1.146   1.189
1956.000   1.225   1.145   1.246   1.207   1.287   1.216   1.255   1.241   1.257
1957.000   1.245   1.261   1.217   1.309   1.376   1.192   1.281   1.255   1.232
1958.000   1.280   1.266   1.248   1.222   1.258   1.213   1.215   1.153   1.209
1959.000   1.186   1.246   1.259   1.264   1.308   1.229   1.213   1.200   1.222
1960.000   1.271   1.355   1.354   1.465   1.533   1.219   1.373   1.206   1.291
1961.000   1.158   1.128   1.191   1.138   1.224   1.113   1.163   1.129   1.176
1962.000   1.130   1.126   1.143   1.291   1.358   1.281   1.360   1.195   1.299
1963.000   1.242   1.151   1.196   1.182   1.231   1.280   1.234   1.194   1.269
1964.000   1.170   1.273   1.131   1.234   1.218   1.092   1.162   1.170   1.191
1965.000   1.026   0.867   0.881   0.982   0.968   1.006   1.041   1.072   1.146
1966.000   1.136   1.198   1.148   1.201   1.170   1.213   1.225   1.224   1.220
1967.000   1.235   1.191   1.176   1.178   1.168   1.316   1.305   1.225   1.215
1968.000   1.249   1.439   1.299   1.409   1.356   1.227   1.181   1.221   1.276
1969.000   1.085   0.790   0.879   0.839   0.891   1.056   1.147   0.974   1.136
1970.000   1.140   1.172   1.077   1.249   1.249   1.233   1.244   1.005   1.116
1971.000   1.190   0.991   1.222   1.161   1.131   1.257   1.285   1.329   1.329
1972.000   1.172   0.853   1.099   0.989   1.002   1.247   1.218   1.196   1.185
1973.000   1.151   1.065   1.076   1.211   1.250   1.188   1.296   1.056   1.207
1974.000   1.274   1.064   1.170   1.197   1.223   1.293   1.378   1.274   1.353
1975.000   1.121   1.219   1.234   1.312   1.300   1.173   1.206   1.109   1.161
1976.000   1.237   1.220   1.161   1.142   1.179   1.227   1.205   1.213   1.355
1977.000   1.055   0.963   1.039   1.126   1.133   1.095   1.151   0.983   1.114
1978.000   1.407   1.396   1.298   1.436   1.489   1.421   1.459   1.319   1.332
1979.000   1.342   1.342   1.227   1.307   1.301   1.289   1.343   1.362   1.341
1980.000   0.833   0.813   0.855   0.799   0.820   0.971   0.926   0.841   0.910
1981.000   1.184   1.138   1.127   1.158   1.186   1.197   1.200   1.161   1.194
1982.000   1.325   1.308   1.299   1.238   1.286   1.173   1.181   1.245   1.247
1983.000   1.226   1.050   1.090   1.077   1.097   1.102   1.102   1.121   1.129
1984.000   1.191   1.075   1.108   1.103   1.122   1.205   1.144   1.230   1.149
1985.000   1.112   1.070   0.983   1.130   1.147   1.121   1.138   1.152   1.086
1986.000   0.975   0.832   0.873   0.778   0.804   0.976   0.880   0.922   0.967
1987.000   1.000   0.947   0.924   0.987   0.999   0.935   0.962   1.022   1.099
1988.000   1.145   1.161   1.116   1.166   1.140   1.122   1.136   1.218   1.277
1989.000   1.381   1.273   1.317   1.282   1.294   1.296   1.297   1.305   1.304
1990.000   1.173   1.119   1.157   1.170   1.149   1.181   1.116   1.231   1.253
1991.000   1.067   1.060   1.038   1.016   1.049   1.132   1.142   1.009   1.086
1992.000   1.266   1.303   1.238   1.254   1.294   1.278   1.318   1.215   1.244
1993.000   1.233   1.108   1.117   1.141   1.149   1.204   1.202   1.184   1.205
1994.000   1.319   1.316   1.292   1.368   1.347   1.349   1.328   1.312   1.320
1995.000   1.311   1.273   1.209   1.294   1.297   1.363   1.361   1.330   1.419
1996.000   1.298   1.244   1.229   1.339   1.351   1.267   1.247   1.275   1.288
1997.000   1.321   1.403   1.250   1.341   1.354   1.361   1.368   1.314   1.367
1998.000   1.422   1.432   1.322   1.406   1.424   1.317   1.425   1.382   1.439
1999.000   1.338   1.411   1.408   1.436   1.437   1.405   1.395   1.394   1.478
2000.000   1.314   1.302   1.332   1.315   1.349   1.369   1.393   1.344   1.398
2001.000   1.238   1.260   1.268   1.287   1.254   1.231   1.246   1.172   1.229
2002.000   1.065   1.085   1.070   1.057   1.075   1.074   1.093   1.126   1.093
2003.000   1.305   1.238   1.226   1.221   1.242   1.331   1.281   1.362   1.402
2004.000   1.245   1.160   1.187   1.213   1.246   1.162   1.145   1.145   1.268
2005.000   1.334   1.338   1.266   1.364   1.367   1.257   1.259   1.320   1.253
2006.000   1.214   1.113   1.106   1.146   1.182   1.082   1.166   1.231   1.268
2007.000   1.306   1.313   1.245   1.198   1.220   1.240   1.179   1.308   1.318
2008.000   1.395   1.407   1.343   1.395   1.437   1.411   1.423   1.404   1.377
2009.000   1.303   1.297   1.252   1.247   1.272   1.228   1.228   1.117   1.170
2010.000   1.301   1.224   1.246   1.261   1.298   1.241   1.187   1.236   1.309
2011.000   1.279   1.261   1.285   1.310   1.323   1.330   1.319   1.347   1.320
2012.000   1.277   1.283   1.201   1.226   1.277   1.255   1.242   1.220   1.289
2013.000   1.637   1.693   1.625   1.682   1.708   1.580   1.595   1.432   1.417
2014.000   1.438   1.467   1.440   1.470   1.502   1.330   1.360   1.299   1.280
2015.000   1.446   1.480   1.417   1.435   1.449   1.399   1.433   1.344   1.331
2016.000   1.451   1.456   1.384   1.450   1.469   1.320   1.337   1.338   1.422
2017.000   1.295   1.227   1.257   1.224   1.255   1.074   1.144   1.214   1.207
2018.000   1.235   1.216   1.209   1.243   1.251   1.235   1.219   1.172   1.142
2019.000   1.123   1.195   1.161   1.128   1.156   1.220   1.241   1.206   1.270
2020.000   1.380   1.441   1.340   1.379   1.375   1.372   1.362   1.397   1.350
