 Year King_Hakon JJA
1905.000   3.965   3.661   3.519   3.723   4.015   3.921   3.553   3.897   3.852   4.048   4.046   4.117
1906.000   4.163   4.079   3.715   3.707   4.020   4.041   3.999   3.983   3.944   4.062   4.094   4.100
1907.000   4.083   4.049   3.823   3.736   4.255   4.243   3.956   4.150   4.128   4.291   4.239   4.259
1908.000   4.611   4.328   4.122   4.123   4.375   4.391   4.302   4.206   4.180   4.313   4.302   4.268
1909.000   4.457   4.437   4.097   4.060   4.263   4.281   4.076   4.214   4.153   4.409   4.404   4.315
1910.000   4.274   4.034   3.743   3.849   4.140   4.184   3.843   4.108   4.015   4.318   4.237   4.276
1911.000   4.277   4.171   4.016   4.174   4.363   4.354   4.116   4.352   4.339   4.397   4.444   4.445
1912.000   3.965   3.969   3.860   3.933   4.141   4.114   3.903   4.056   4.018   4.125   4.104   4.171
1913.000   3.919   3.703   3.575   3.868   3.906   3.860   3.750   3.937   3.829   3.981   4.009   4.040
1914.000   3.873   3.795   3.468   3.475   4.083   4.032   3.496   4.079   4.031   4.098   4.125   4.171
1915.000   3.854   3.697   3.436   3.587   3.927   3.879   3.707   3.864   3.853   3.725   3.778   3.859
1916.000   4.090   4.041   3.592   4.041   4.020   4.018   4.289   4.206   4.053   4.219   4.218   4.237
1917.000   4.366   4.492   4.232   4.184   4.112   4.161   3.654   4.212   4.010   4.570   4.494   4.433
1918.000   4.071   4.365   4.057   3.722   3.948   3.956   3.926   3.834   3.779   4.042   4.039   4.042
1919.000   4.078   4.160   3.926   3.873   4.304   4.293   4.064   4.109   4.135   4.106   4.102   4.215
1920.000   4.250   4.052   3.719   4.105   4.166   4.134   4.430   4.115   4.050   4.184   4.208   4.165
1921.000   4.000   4.235   3.761   3.694   3.990   3.993   4.006   4.121   4.006   4.101   4.049   4.166
1922.000   4.075   3.992   3.945   4.056   4.335   4.301   4.093   4.367   4.354   4.121   4.223   4.063
1923.000   4.098   4.048   3.778   3.767   3.773   3.779   3.751   3.952   3.788   4.099   4.161   4.071
1924.000   4.172   4.509   4.312   4.091   4.185   4.197   4.346   4.121   4.080   4.196   4.170   4.256
1925.000   3.995   4.351   4.423   4.203   4.131   4.101   4.190   4.258   4.174   4.170   4.249   4.142
1926.000   4.059   4.202   3.771   3.835   4.237   4.224   4.028   4.058   4.023   4.277   4.253   4.296
1927.000   4.227   4.097   3.934   4.085   4.341   4.354   4.082   4.144   4.127   4.342   4.375   4.307
1928.000   3.975   3.989   3.819   3.918   4.204   4.222   4.178   3.899   3.920   4.041   4.081   4.120
1929.000   4.352   4.060   3.977   4.124   4.192   4.158   3.960   4.074   3.984   4.290   4.277   4.255
1930.000   3.965   4.226   4.211   4.152   4.289   4.269   4.442   3.894   3.954   4.175   4.079   4.262
1931.000   4.391   4.315   4.304   4.441   4.412   4.419   4.466   4.343   4.274   4.452   4.449   4.385
1932.000   4.066   3.869   4.029   3.956   4.096   4.071   3.904   3.895   3.869   4.042   4.058   4.123
1933.000   4.270   4.281   4.145   4.175   4.212   4.200   4.385   4.312   4.252   4.292   4.325   4.225
1934.000   4.060   4.153   4.194   3.980   4.114   4.091   4.224   4.088   4.079   4.064   4.114   4.108
1935.000   4.246   4.338   4.383   4.176   4.145   4.144   4.151   4.032   3.965   4.241   4.218   4.317
1936.000   4.238   4.392   4.375   4.177   4.312   4.310   4.637   4.142   4.196   3.954   4.087   3.987
1937.000   4.364   4.211   4.201   4.104   4.115   4.078   4.264   4.242   4.174   4.150   4.203   4.133
1938.000   4.029   4.030   4.154   3.930   4.164   4.177   4.094   4.185   4.180   4.074   4.182   4.076
1939.000   3.951   4.277   4.048   3.820   4.092   4.109   3.722   3.789   3.739   4.127   4.098   4.140
1940.000   4.249   4.082   4.121   3.729   4.106   4.032   4.133   4.050   4.075   3.914   3.964   4.058
1941.000   3.795   3.730   3.898   3.838   3.848   3.814   3.811   3.824   3.865   3.728   3.639   3.762
1942.000   4.228   4.311   4.139   4.303   4.229   4.268   4.434   4.228   4.280   4.214   4.220   4.064
1943.000   4.351   3.956   4.194   4.332   4.083   4.102   4.054   4.068   4.074   4.250   4.222   4.135
1944.000   4.375   4.545   5.006   4.708   4.239   4.230   4.350   4.103   4.094   4.317   4.220   4.318
1945.000   3.827   4.062   4.242   4.327   3.962   3.968   4.182   3.790   3.813   4.121   4.018   4.091
1946.000   4.095   4.223   4.225   4.132   4.064   4.110   3.956   3.859   3.932   4.074   3.975   4.039
1947.000   4.248   4.005   4.053   4.268   4.106   4.127   4.156   3.887   3.902   4.172   4.035   4.244
1948.000   4.095   4.018   4.155   4.106   4.010   4.019   4.215   3.890   3.939   4.043   3.903   4.048
1949.000   4.197   4.214   4.407   4.313   4.090   4.122   4.123   3.795   3.895   3.955   3.797   4.022
1950.000   4.255   4.132   4.381   4.241   4.102   4.124   4.396   4.090   4.195   3.814   3.904   3.856
1951.000   3.847   4.004   4.218   4.175   4.025   3.992   3.762   4.012   4.010   4.065   4.023   4.049
1952.000   4.303   4.115   4.315   4.388   4.075   4.111   4.440   3.893   3.886   4.182   4.181   4.191
1953.000   3.912   3.661   3.744   3.848   3.858   3.853   3.779   3.847   3.887   3.852   3.896   3.915
1954.000   3.671   3.486   3.530   3.921   3.889   3.925   4.011   3.943   3.976   3.914   3.967   3.938
1955.000   3.703   3.780   3.967   4.107   3.906   3.951   4.211   3.998   4.019   3.935   3.973   3.944
1956.000   4.176   4.237   4.199   4.341   3.909   3.967   4.079   4.030   4.001   3.957   4.019   3.832
1957.000   3.471   3.573   3.627   3.903   3.748   3.738   3.781   3.818   3.792   3.999   4.007   4.023
1958.000   3.574   3.625   3.674   3.919   3.914   3.913   3.966   3.680   3.723   3.906   3.942   3.927
1959.000   3.297   3.455   3.526   3.474   3.606   3.591   3.693   3.785   3.781   3.551   3.593   3.585
1960.000   4.174   4.486   4.561   4.338   4.143   4.144   4.454   4.095   4.108   4.143   4.115   4.150
1961.000   3.871   3.820   3.840   3.875   3.874   3.855   3.993   3.878   3.875   3.808   3.891   3.833
1962.000   3.865   3.866   3.514   3.638   3.917   3.931   3.683   4.021   3.973   3.945   3.875   3.941
1963.000   3.996   4.009   4.111   4.293   3.997   3.977   4.203   4.001   3.987   3.987   4.010   3.986
1964.000   3.836   4.108   3.819   3.787   3.906   3.968   3.754   3.768   3.706   4.018   3.806   4.053
1965.000   4.097   3.836   4.073   4.141   4.054   4.036   4.017   3.954   4.048   3.953   3.972   3.956
1966.000   3.987   4.063   4.384   4.220   3.975   3.939   4.279   3.927   3.970   3.901   3.891   3.891
1967.000   3.946   4.067   4.217   4.011   3.944   3.912   4.185   4.094   4.175   3.755   3.779   3.759
1968.000   4.154   3.825   4.034   4.343   4.050   4.051   3.972   4.104   4.024   4.364   4.376   4.213
1969.000   4.018   3.765   4.180   4.128   4.016   3.985   3.890   4.014   4.102   3.844   3.866   3.862
1970.000   4.127   4.283   4.354   4.191   3.888   3.898   4.309   3.976   4.006   3.832   3.856   3.889
1971.000   4.165   4.248   4.336   4.317   4.074   4.092   4.224   4.201   4.201   4.033   4.161   3.944
1972.000   3.471   3.589   3.930   3.745   3.699   3.662   3.729   3.678   3.733   3.714   3.726   3.744
1973.000   3.988   3.568   3.770   4.233   4.052   4.088   4.207   4.059   4.147   3.970   4.063   3.949
1974.000   3.814   3.924   3.761   3.911   3.814   3.859   3.785   3.887   3.863   3.886   3.888   3.821
1975.000   3.569   3.728   3.811   3.952   3.779   3.813   3.744   3.760   3.739   3.935   3.892   3.869
1976.000   3.871   4.049   4.147   3.906   3.882   3.905   3.845   3.832   3.888   3.958   3.865   3.941
1977.000   3.850   3.493   3.488   3.758   3.669   3.643   3.652   3.995   3.928   3.793   3.795   3.759
1978.000   4.027   4.098   4.031   3.983   4.041   4.080   4.027   3.958   4.018   4.125   4.126   4.089
1979.000   4.220   4.272   4.299   4.236   4.313   4.296   4.224   4.276   4.342   4.182   4.222   4.102
1980.000   3.673   3.730   3.951   3.870   3.800   3.789   3.873   3.810   3.883   3.644   3.746   3.686
1981.000   3.724   3.944   3.839   3.917   3.967   3.992   3.896   3.935   3.971   3.928   3.911   3.934
1982.000   4.066   4.006   4.085   4.061   4.009   3.952   3.897   4.099   4.130   4.018   4.003   3.985
1983.000   3.709   3.642   3.681   3.464   3.552   3.520   3.644   3.789   3.849   3.535   3.545   3.626
1984.000   3.846   3.814   3.808   3.739   3.839   3.855   3.876   3.973   4.054   3.738   3.758   3.746
1985.000   4.012   4.097   4.121   4.113   3.997   4.012   4.122   4.080   4.157   3.822   3.923   3.849
1986.000   3.738   3.624   3.567   3.686   3.689   3.672   3.696   3.750   3.785   3.583   3.724   3.608
1987.000   3.630   3.603   3.643   3.714   3.792   3.695   3.684   3.790   3.832   3.725   3.637   3.720
1988.000   4.053   4.074   4.012   3.871   3.850   3.892   3.880   3.886   3.880   3.910   3.806   3.897
1989.000   4.344   4.107   4.306   4.300   4.153   4.170   4.326   4.300   4.342   4.047   4.142   3.969
1990.000   3.647   3.731   3.817   3.910   3.764   3.789   3.977   3.906   3.930   3.676   3.763   3.602
1991.000   3.514   3.773   3.682   3.515   3.726   3.727   3.514   3.647   3.721   3.677   3.670   3.745
1992.000   3.936   3.709   3.749   3.778   3.674   3.675   3.645   3.700   3.704   3.696   3.668   3.736
1993.000   4.084   3.934   4.212   3.935   3.956   3.915   3.971   4.138   4.216   3.730   3.784   3.736
1994.000   4.101   4.048   4.128   3.885   3.898   3.866   3.865   3.763   3.765   3.871   3.766   3.946
1995.000   4.030   3.954   3.945   4.042   3.806   3.843   4.034   3.780   3.766   3.940   3.857   3.923
1996.000   3.907   3.875   4.022   4.026   3.924   3.976   3.842   3.892   3.906   3.944   3.829   3.844
1997.000   3.916   4.127   4.130   4.030   4.103   4.006   3.817   4.155   4.179   3.966   3.940   4.026
1998.000   3.969   4.055   4.103   4.153   4.040   4.026   3.953   4.104   4.124   4.048   4.008   3.990
1999.000   4.058   4.209   4.170   4.145   4.043   4.065   4.071   4.278   4.216   4.172   4.111   4.106
2000.000   4.188   4.024   4.013   4.070   4.130   4.157   3.920   4.203   4.240   4.052   4.006   4.035
2001.000   3.730   3.819   4.003   4.118   3.977   3.971   3.915   4.088   4.068   3.915   3.983   3.863
2002.000   3.889   3.708   3.848   3.753   3.559   3.568   3.828   3.721   3.734   3.569   3.689   3.624
2003.000   4.371   4.211   4.278   4.267   4.185   4.189   4.360   4.094   4.145   4.055   4.071   4.100
2004.000   4.387   4.309   4.376   4.394   4.240   4.251   4.233   4.134   4.173   4.236   4.247   4.155
2005.000   3.808   3.839   4.026   3.883   3.903   3.883   3.795   3.959   3.952   3.839   3.808   3.892
2006.000   4.226   4.384   4.557   4.659   4.264   4.239   4.519   4.390   4.337   4.264   4.306   4.172
2007.000   3.829   3.994   3.960   3.904   3.747   3.785   3.982   4.060   3.984   3.880   3.902   3.840
2008.000   3.988   4.195   4.382   4.301   3.942   3.934   4.010   4.113   4.062   4.020   4.077   4.044
2009.000   3.875   3.949   3.952   3.982   3.769   3.752   3.770   3.954   3.874   3.923   3.959   3.945
2010.000   4.494   4.345   4.592   4.390   4.194   4.217   4.421   4.439   4.447   4.212   4.350   4.084
2011.000   3.953   3.920   3.965   3.809   3.787   3.828   3.773   3.910   3.875   3.983   3.915   4.006
2012.000   4.178   4.198   4.428   4.363   4.063   4.052   4.250   4.076   4.142   4.013   4.049   4.044
2013.000   4.145   4.074   4.054   4.097   4.101   4.143   4.120   4.208   4.211   4.160   4.134   4.073
2014.000   4.197   4.128   4.127   4.068   4.009   4.018   4.136   4.123   4.159   3.886   3.919   3.815
2015.000   3.704   3.856   3.956   3.948   3.927   3.883   3.938   3.928   3.980   3.913   3.875   3.983
2016.000   3.739   3.939   3.828   3.903   4.123   4.199   3.883   4.036   4.100   4.240   4.238   4.149
2017.000   3.889   4.047   3.813   3.869   4.085   4.093   4.038   4.115   4.168   3.917   3.900   4.015
2018.000   3.723   3.755   3.640   3.681   3.763   3.811   3.744   3.905   3.953   3.717   3.694   3.741
2019.000   3.696   3.724   3.749   3.786   3.852   3.868   3.723   3.911   3.922   3.776   3.747   3.825
2020.000   4.080   4.209   4.140   3.973   4.158   4.164   3.964   4.147   4.185   4.151   3.973   4.183
