 Year King_Hakon MAM
1905.000   0.808   1.033   0.815   1.024   1.005   1.114   0.977   0.935   1.084   0.782   0.855   0.870   0.837   0.693   0.688   0.685   0.734   1.163   0.890   0.681   0.610   0.732   0.669   0.639   0.742   0.706   0.646   0.469   0.460   0.668   0.630   0.372   0.538   0.779   0.359   0.539
1906.000   0.883   1.028   0.994   0.994   1.006   1.045   0.891   0.899   0.903   0.865   0.830   1.091   0.782   0.690   0.718   0.701   0.702   1.043   1.085   0.779   0.795   0.772   0.786   0.851   0.701   0.841   0.810   0.739   0.763   0.709   0.778   0.927   1.073   0.920   0.944   1.059
1907.000   0.851   0.920   0.863   1.036   1.007   1.098   1.071   1.092   1.079   0.978   0.912   1.211   0.951   1.117   1.053   1.005   1.054   1.268   1.208   0.974   1.008   0.949   1.153   1.121   1.005   1.249   1.084   1.095   0.963   1.013   1.000   1.150   1.221   1.152   1.147   1.216
1908.000   0.822   0.862   0.799   0.954   0.929   0.970   1.054   0.982   0.899   0.925   0.838   0.859   0.767   0.900   0.934   0.901   0.975   1.018   1.084   0.981   0.965   0.934   0.944   1.011   0.839   1.023   1.042   0.925   1.028   0.989   1.068   1.075   0.980   1.165   1.039   1.033
1909.000   0.795   0.988   1.036   1.073   1.023   0.996   1.075   1.010   1.036   0.944   1.003   0.935   0.922   0.678   0.790   0.771   0.783   0.720   0.826   0.770   0.678   0.667   0.689   0.605   0.728   1.008   1.265   0.918   0.760   0.794   0.706   0.658   0.599   0.708   0.846   0.552
1910.000   0.788   0.967   1.025   1.103   1.126   1.196   1.239   1.172   1.167   1.003   1.038   0.995   1.079   1.090   1.089   1.096   1.137   1.126   1.152   0.970   0.913   0.903   1.008   1.094   1.010   1.199   1.237   1.155   0.978   0.956   0.999   1.144   1.205   1.152   1.253   1.343
1911.000   0.978   0.996   1.117   1.228   1.258   1.233   1.175   1.143   1.152   1.071   0.922   0.970   0.905   0.968   0.957   0.952   0.987   1.111   1.107   0.889   0.804   0.810   0.929   1.027   0.830   1.045   0.936   0.809   0.876   0.894   0.918   0.951   0.938   1.069   1.036   0.864
1912.000   0.713   0.845   0.938   0.949   0.976   1.004   0.886   0.789   0.904   0.733   0.737   0.668   0.788   0.723   0.648   0.636   0.701   0.977   0.966   0.554   0.610   0.547   0.705   0.794   0.610   0.750   0.653   0.577   0.571   0.671   0.677   0.936   1.011   0.698   0.790   0.772
1913.000   0.951   0.889   0.961   1.162   1.011   1.033   1.067   1.067   1.100   0.999   0.890   0.967   0.958   0.925   0.899   0.925   0.946   1.039   1.061   0.813   0.744   0.819   0.889   0.864   0.859   1.008   1.126   1.021   0.784   0.763   0.747   0.835   0.895   0.927   0.904   1.102
1914.000   0.775   0.922   0.709   0.741   0.931   0.956   0.918   0.964   0.829   0.928   0.757   1.135   0.841   1.016   0.873   0.876   0.939   1.311   1.344   0.904   1.046   1.020   1.036   1.193   0.901   1.233   1.143   1.258   0.915   0.839   1.033   1.142   1.354   1.130   1.203   1.299
1915.000   0.871   0.893   0.988   1.042   0.966   0.983   0.976   0.866   1.005   0.763   0.838   1.022   0.807   0.740   0.703   0.688   0.712   1.055   1.132   0.719   0.764   0.744   0.771   0.839   0.727   0.854   0.893   0.838   0.808   0.778   0.715   0.841   0.761   0.740   0.908   0.711
1916.000   0.879   0.809   0.991   1.090   0.961   0.989   0.992   0.953   1.074   0.875   0.891   0.865   0.907   0.805   0.853   0.828   0.881   0.844   0.827   0.782   0.742   0.701   0.891   0.857   0.811   0.750   0.984   0.902   0.797   0.896   0.747   0.793   0.693   0.722   0.884   0.513
1917.000   1.037   1.146   1.162   1.426   1.431   1.468   1.394   1.334   1.302   1.309   0.997   1.246   1.179   1.270   1.199   1.179   1.211   1.189   1.127   1.113   1.128   1.084   1.183   1.256   1.121   1.238   1.097   1.155   1.146   1.130   1.159   1.311   1.427   1.237   1.276   1.350
1918.000   1.096   0.990   0.899   0.961   0.978   1.096   0.978   0.921   0.880   0.875   0.860   1.312   0.786   0.944   0.970   0.950   0.985   1.055   1.025   1.104   1.066   1.076   0.989   1.104   0.907   0.971   0.875   0.937   1.126   1.088   1.138   1.190   1.272   1.120   1.048   1.102
1919.000   1.042   0.741   0.729   0.804   0.797   0.758   0.792   0.784   0.755   0.742   0.718   0.614   0.727   0.725   0.767   0.736   0.800   0.734   0.883   0.680   0.621   0.628   0.761   0.936   0.631   0.751   0.667   0.876   0.758   0.610   0.697   0.871   0.900   0.719   0.807   1.055
1920.000   1.074   0.746   0.805   0.889   0.891   0.912   0.841   0.849   0.768   0.824   0.751   1.089   0.714   0.898   0.911   0.885   0.969   1.031   1.108   0.889   0.814   0.790   1.014   1.041   0.825   0.909   0.935   1.022   0.886   0.802   0.889   1.117   1.136   0.940   1.039   0.927
1921.000   1.144   0.844   1.001   1.021   1.047   1.077   1.157   1.092   1.046   1.015   0.901   0.900   0.916   1.055   1.032   0.995   1.073   0.889   1.022   0.973   0.896   0.901   0.986   1.162   0.851   1.275   1.081   1.262   0.970   0.869   1.026   1.085   1.262   1.245   1.471   1.542
1922.000   0.762   0.764   0.792   0.913   0.805   0.928   0.933   0.912   0.875   0.737   0.838   0.920   0.800   0.909   0.896   0.904   0.998   1.009   1.083   0.906   0.872   0.865   0.963   1.083   0.788   0.933   0.774   0.907   0.916   0.883   0.977   1.049   1.086   1.068   1.107   1.092
1923.000   0.712   0.941   0.809   1.010   0.942   0.972   0.906   0.895   0.873   0.876   0.742   0.944   0.822   0.784   0.752   0.761   0.802   1.126   1.087   0.732   0.853   0.733   0.812   0.908   0.657   0.814   0.580   0.816   0.785   0.860   0.856   1.020   0.956   0.910   0.882   0.952
1924.000   0.971   1.118   1.054   1.220   1.328   1.254   1.218   1.039   1.130   0.989   0.876   0.932   0.981   0.960   0.899   0.848   0.902   1.005   1.118   0.764   0.759   0.747   0.831   0.985   0.769   0.866   0.709   0.844   0.705   0.744   0.855   0.881   0.951   0.863   0.781   0.864
1925.000   0.859   0.877   0.823   0.874   0.788   0.836   0.774   0.839   0.677   0.853   0.844   1.082   0.811   0.847   0.873   0.856   0.856   0.776   0.886   0.877   0.883   0.782   0.951   0.881   0.747   0.810   0.560   0.664   0.889   0.891   0.817   0.983   0.834   0.974   0.899   1.046
1926.000   0.718   0.646   0.549   0.440   0.496   0.553   0.420   0.529   0.505   0.553   0.599   0.845   0.553   0.632   0.604   0.563   0.562   0.852   0.831   0.659   0.795   0.685   0.707   0.718   0.631   0.679   0.719   0.694   0.696   0.749   0.677   0.787   0.783   0.637   0.711   0.680
1927.000   0.849   0.808   0.738   0.801   0.710   0.784   0.692   0.799   0.737   0.833   0.728   1.109   0.747   0.916   0.861   0.809   0.766   0.987   0.953   0.986   1.033   0.990   0.892   0.871   0.821   1.057   1.099   0.943   1.021   0.948   0.992   0.893   0.978   0.884   1.015   0.887
1928.000   1.106   1.086   1.046   1.047   1.204   1.158   1.144   1.105   1.006   1.063   0.880   1.200   0.846   1.146   1.049   1.015   1.012   1.322   1.376   1.095   1.172   1.207   1.170   1.242   0.930   1.193   1.285   1.238   1.182   1.103   1.164   1.291   1.293   1.362   1.218   1.444
1929.000   0.721   0.923   0.854   0.892   0.843   0.912   0.810   0.811   0.864   0.759   0.730   0.878   0.807   0.855   0.752   0.746   0.794   1.077   1.007   0.863   0.953   0.859   0.884   1.065   0.768   0.811   0.677   0.655   0.948   0.951   1.012   1.099   1.108   0.891   0.965   0.841
1930.000   0.964   0.836   0.871   0.758   0.858   0.861   0.822   0.810   0.682   0.814   0.761   1.121   0.721   0.790   0.791   0.762   0.769   0.955   0.893   0.890   0.881   0.922   0.752   0.828   0.760   0.807   0.777   0.773   0.920   0.843   0.971   0.890   0.994   0.776   0.763   0.691
1931.000   0.992   0.973   0.751   0.783   0.873   0.877   0.832   0.893   0.817   0.930   0.706   0.847   0.722   0.932   0.880   0.771   0.757   1.052   0.982   0.919   1.000   1.009   0.879   0.927   0.871   1.005   1.062   1.079   0.888   0.861   1.014   0.984   1.079   1.054   0.981   1.022
1932.000   0.810   0.534   0.587   0.371   0.579   0.568   0.472   0.548   0.489   0.658   0.494   0.671   0.437   0.858   0.883   0.782   0.800   0.432   0.422   0.776   0.901   0.789   0.883   0.763   0.876   0.857   1.045   0.901   0.840   0.952   0.771   0.859   0.768   0.784   0.879   0.755
1933.000   0.620   0.763   0.833   0.760   0.782   0.807   0.706   0.760   0.763   0.760   0.713   0.854   0.727   0.818   0.871   0.837   0.825   0.695   0.633   0.747   0.721   0.734   0.752   0.680   0.857   0.732   0.890   0.840   0.839   0.811   0.697   0.676   0.498   0.700   0.789   0.659
1934.000   0.992   0.784   0.802   0.690   0.699   0.758   0.806   0.868   0.811   0.880   0.885   0.936   0.840   0.884   0.920   0.947   0.928   0.576   0.692   0.971   0.951   0.981   0.980   0.924   0.946   1.026   1.253   0.964   0.971   0.985   0.901   0.910   0.823   0.985   1.046   0.756
1935.000   1.023   1.021   0.959   0.916   0.888   0.873   0.879   0.916   0.944   0.937   0.948   0.934   0.985   1.018   0.961   0.926   0.927   0.885   0.942   0.975   1.033   0.957   0.995   0.897   0.996   0.972   1.026   1.036   0.949   0.983   0.991   0.880   0.902   0.849   0.889   0.817
1936.000   0.909   0.566   0.626   0.332   0.414   0.428   0.429   0.509   0.452   0.585   0.727   0.900   0.602   0.818   0.864   0.817   0.784   0.573   0.613   1.033   1.047   0.991   0.838   0.726   0.912   0.990   1.253   1.093   1.103   1.055   1.072   0.964   0.890   1.003   1.032   0.927
1937.000   0.772   0.728   0.718   0.575   0.570   0.550   0.601   0.695   0.712   0.724   0.863   0.623   0.859   0.857   0.863   0.856   0.814   0.554   0.552   0.865   0.850   0.839   0.781   0.659   0.934   0.673   0.866   0.838   0.808   0.858   0.851   0.719   0.651   0.693   0.702   0.577
1938.000   0.886   0.906   0.951   0.820   0.913   0.896   0.919   0.836   0.895   0.814   0.889   0.815   0.862   0.901   0.982   0.953   0.931   0.464   0.533   0.891   0.827   0.865   0.734   0.768   0.862   0.796   0.708   0.620   0.894   0.892   0.885   0.614   0.624   0.838   0.892   0.678
1939.000   0.887   0.846   0.830   0.773   0.706   0.778   0.838   0.843   0.815   0.823   0.838   0.826   0.834   0.713   0.767   0.738   0.729   0.614   0.518   0.833   0.893   0.858   0.753   0.733   0.762   0.766   0.687   0.621   0.825   0.862   0.863   0.780   0.776   0.831   0.778   0.666
1940.000   0.796   0.747   0.554   0.635   0.563   0.663   0.648   0.701   0.718   0.686   0.691   0.682   0.817   0.594   0.604   0.619   0.609   0.523   0.493   0.674   0.717   0.772   0.574   0.633   0.695   0.559   0.751   0.576   0.708   0.685   0.686   0.689   0.621   0.504   0.588   0.431
1941.000   0.898   0.660   0.599   0.505   0.534   0.517   0.604   0.551   0.457   0.610   0.737   0.950   0.640   0.736   0.765   0.763   0.711   0.474   0.589   0.913   0.856   0.906   0.698   0.606   0.811   0.660   0.961   0.877   0.895   0.724   0.830   0.619   0.688   0.608   0.721   0.557
1942.000   0.692   0.790   0.761   0.698   0.659   0.668   0.733   0.756   0.703   0.759   0.671   0.671   0.692   0.645   0.675   0.641   0.562   0.541   0.461   0.746   0.738   0.752   0.634   0.648   0.644   0.855   0.804   0.718   0.789   0.681   0.733   0.588   0.640   0.680   0.692   0.631
1943.000   0.711   0.691   0.670   0.756   0.762   0.842   0.899   0.864   0.779   0.939   0.782   1.009   0.895   0.843   0.839   0.827   0.835   0.605   0.628   0.905   0.932   0.929   0.893   0.932   0.843   0.841   0.777   0.568   0.916   0.977   0.836   0.781   0.733   0.944   0.875   0.722
1944.000   1.010   0.859   0.852   0.637   0.669   0.645   0.614   0.696   0.624   0.732   0.953   1.001   0.940   0.865   0.939   0.892   0.859   0.513   0.433   0.964   0.972   0.929   0.739   0.485   0.984   0.793   0.968   0.875   0.982   0.972   0.905   0.661   0.601   0.497   0.618   0.576
1945.000   0.926   0.862   0.997   0.683   0.795   0.772   0.652   0.699   0.666   0.806   0.799   0.728   0.909   0.879   0.824   0.769   0.727   0.338   0.376   0.834   0.884   0.852   0.779   0.699   0.835   0.798   0.716   0.673   0.857   0.859   0.858   0.720   0.779   0.802   0.883   1.000
1946.000   0.754   0.884   0.778   0.667   0.822   0.787   0.876   0.772   0.789   0.907   0.821   0.699   0.768   0.803   0.855   0.842   0.815   0.699   0.693   0.821   0.832   0.797   0.804   0.907   0.845   1.211   1.089   0.896   0.832   0.832   0.764   0.850   0.873   0.896   1.031   0.987
1947.000   0.789   0.895   0.925   0.792   0.791   0.833   0.864   1.001   0.944   0.936   0.867   0.872   0.832   0.803   0.828   0.835   0.817   0.805   0.794   0.883   0.851   0.840   0.930   0.945   0.894   1.114   1.204   1.130   0.844   0.809   0.909   1.071   1.128   1.172   1.066   1.340
1948.000   1.000   0.914   0.962   1.010   0.947   0.979   1.007   0.942   0.933   0.894   0.910   0.823   0.888   1.005   0.995   0.959   0.944   0.815   0.777   0.948   0.821   0.862   0.985   0.880   0.902   0.906   0.775   0.942   0.896   0.852   0.840   0.825   0.804   0.934   0.648   0.751
1949.000   1.028   0.796   0.978   0.862   0.897   0.819   0.911   0.827   0.893   0.880   0.803   0.585   0.847   0.973   0.960   0.891   0.903   0.474   0.598   0.799   0.782   0.760   1.003   0.897   0.964   0.715   0.930   0.861   0.838   0.835   0.756   0.914   0.796   0.785   0.873   0.841
1950.000   1.038   0.791   0.999   0.831   0.955   0.823   0.911   0.846   0.821   0.955   0.797   0.860   0.835   0.983   1.038   1.043   1.014   0.668   0.596   0.936   0.895   0.957   0.921   0.887   1.011   0.951   1.069   1.028   1.019   0.923   0.912   0.835   0.726   0.750   0.896   0.859
1951.000   0.805   0.973   0.816   0.693   0.704   0.744   0.763   0.713   0.657   0.797   1.160   1.036   0.994   0.982   1.041   1.110   1.090   1.058   0.926   1.049   0.983   1.060   0.978   0.822   1.081   0.925   0.879   0.953   0.949   0.992   0.862   0.730   0.555   0.864   0.736   0.710
1952.000   1.003   1.051   1.029   0.992   1.073   0.966   0.950   0.942   1.006   1.084   0.955   0.667   1.127   1.083   0.954   0.905   0.878   1.017   0.962   0.797   0.851   0.884   1.021   0.867   1.001   1.017   1.142   1.144   0.817   0.781   0.717   0.789   0.766   0.751   0.812   0.864
1953.000   1.030   1.115   1.122   0.856   0.900   0.852   0.807   0.787   0.823   0.858   0.995   0.508   1.020   1.121   0.979   0.923   0.874   0.718   0.724   0.840   0.959   0.934   1.011   0.714   0.966   0.892   0.960   0.872   0.803   0.845   0.731   0.729   0.578   0.729   0.688   0.748
1954.000   0.864   0.831   0.825   0.738   0.781   0.733   0.838   0.792   0.838   0.783   0.953   0.460   0.966   1.119   1.049   1.000   0.991   0.846   0.929   0.851   0.906   0.909   0.985   1.032   0.996   0.869   0.896   0.851   0.804   0.807   0.839   0.799   0.754   0.834   0.834   0.688
1955.000   0.909   0.815   0.741   0.755   0.649   0.651   0.754   0.697   0.767   0.734   0.971   0.573   0.961   0.942   0.953   0.960   0.961   0.778   0.775   0.888   0.878   0.915   0.945   0.908   0.951   0.856   0.831   0.834   0.823   0.866   0.809   0.740   0.661   0.864   0.701   0.783
1956.000   0.868   0.946   0.851   0.755   0.756   0.739   0.925   0.840   0.862   0.883   1.126   0.762   1.086   1.201   1.166   1.180   1.201   1.058   1.049   1.059   1.113   1.137   1.186   1.108   1.214   0.949   1.060   1.025   1.018   1.115   1.024   1.029   0.931   0.999   0.886   0.973
1957.000   0.889   0.712   0.745   0.617   0.659   0.654   0.581   0.591   0.540   0.722   0.955   0.973   0.916   0.941   0.901   0.930   0.943   0.906   0.827   0.869   0.994   0.974   1.022   0.822   1.094   0.846   0.973   0.923   0.826   0.969   0.826   0.877   0.738   0.866   0.742   0.866
1958.000   0.824   0.992   0.933   0.800   0.876   0.812   0.818   0.756   0.716   0.837   0.823   0.641   0.892   0.844   0.773   0.729   0.699   0.656   0.661   0.730   0.863   0.882   0.793   0.704   0.798   0.644   0.776   0.572   0.791   0.714   0.714   0.653   0.501   0.644   0.609   0.415
1959.000   0.804   0.972   0.920   0.966   0.929   0.915   0.971   0.935   0.872   0.883   1.023   0.952   1.004   0.871   0.908   0.923   0.884   0.840   0.878   0.911   0.943   0.976   0.888   0.761   0.908   0.716   0.772   0.707   0.960   0.889   0.889   0.764   0.741   0.730   0.700   0.728
1960.000   0.904   0.903   0.839   0.773   0.808   0.806   0.886   0.833   0.852   0.916   0.934   0.828   0.964   0.793   0.813   0.809   0.817   0.607   0.647   0.901   0.887   0.867   0.728   0.631   0.871   0.799   0.913   0.749   0.880   0.911   0.899   0.703   0.553   0.820   0.820   0.612
1961.000   0.832   0.919   0.952   0.794   0.794   0.774   0.919   0.848   0.893   0.908   0.947   0.608   0.864   0.739   0.783   0.757   0.736   0.706   0.774   0.883   0.823   0.825   0.744   0.783   0.806   0.832   0.855   0.824   0.908   0.924   0.867   0.867   0.760   0.932   0.770   0.880
1962.000   0.918   0.711   0.729   0.602   0.703   0.704   0.771   0.749   0.777   0.819   0.940   0.892   0.885   0.951   0.977   0.965   1.003   0.914   0.943   1.037   0.961   0.995   0.963   1.047   1.033   0.999   1.025   0.897   0.970   1.049   1.054   1.005   1.040   1.070   0.971   0.920
1963.000   1.013   1.086   1.099   0.973   0.923   0.903   1.019   1.060   1.102   1.047   1.110   0.896   1.100   1.021   0.978   0.978   0.996   0.930   0.944   1.075   1.095   1.062   1.035   0.900   1.073   1.079   1.267   1.076   1.029   1.089   1.090   1.018   0.988   1.013   0.942   0.871
1964.000   0.878   0.875   0.929   1.036   1.029   0.966   1.064   1.035   1.052   0.988   0.820   0.862   0.917   0.892   0.907   0.875   0.881   0.893   0.870   0.891   0.836   0.919   0.837   0.942   0.869   0.825   0.873   0.854   0.994   0.807   0.938   0.906   0.993   0.854   0.882   0.944
1965.000   0.717   0.607   0.667   0.585   0.501   0.583   0.629   0.661   0.639   0.631   0.822   0.843   0.662   0.734   0.819   0.812   0.839   0.706   0.647   0.832   0.823   0.786   0.810   0.634   0.923   0.727   0.930   0.746   0.877   0.959   0.786   0.838   0.753   0.711   0.814   0.738
1966.000   0.730   0.864   0.923   0.803   0.799   0.769   0.977   0.817   0.858   0.752   0.952   0.975   0.809   0.804   0.890   0.886   0.916   1.028   0.967   0.828   0.704   0.813   0.863   0.848   0.905   0.844   0.845   0.675   0.847   0.787   0.759   0.716   0.589   0.765   0.751   0.488
1967.000   0.967   0.975   1.016   0.821   0.938   0.849   0.854   0.907   0.836   1.012   0.980   0.893   0.905   0.957   0.970   0.954   0.948   0.958   0.896   0.993   0.990   1.032   0.897   0.976   0.958   0.999   0.930   0.808   1.033   0.911   1.024   0.915   1.075   0.884   0.988   0.908
1968.000   0.715   0.697   0.760   0.830   0.726   0.797   0.899   0.918   0.882   0.753   0.962   1.007   0.929   0.756   0.854   0.851   0.884   0.928   0.901   0.831   0.811   0.843   0.836   0.876   0.815   0.815   0.817   0.748   0.922   0.887   0.785   0.831   0.860   0.824   0.900   0.937
1969.000   0.741   0.853   0.968   0.760   0.741   0.720   0.710   0.813   0.846   0.791   0.875   0.460   0.783   0.817   0.857   0.814   0.850   0.728   0.675   0.817   0.822   0.792   0.846   0.811   0.898   0.691   0.676   0.588   0.948   0.914   0.905   0.953   0.850   0.756   0.818   0.724
1970.000   0.816   0.724   0.806   0.660   0.722   0.647   0.718   0.664   0.704   0.765   0.849   0.598   0.825   0.712   0.769   0.792   0.803   0.525   0.576   0.824   0.763   0.790   0.715   0.753   0.809   0.908   0.932   0.816   0.818   0.852   0.913   0.775   0.783   0.950   0.909   0.834
1971.000   0.842   0.936   1.040   1.073   1.045   1.025   1.176   1.056   1.086   1.027   1.037   0.997   1.030   1.082   1.049   1.112   1.134   1.261   1.250   1.095   1.082   1.084   1.135   1.204   1.053   1.170   1.113   1.086   1.150   1.161   1.223   1.266   1.217   1.310   1.267   1.197
1972.000   0.911   0.774   1.008   1.036   0.931   0.964   1.044   1.040   1.032   0.989   0.975   0.869   0.935   1.000   0.974   1.027   1.102   1.009   0.911   0.994   0.875   0.894   1.112   0.977   1.059   0.978   0.998   0.949   0.993   1.012   0.970   1.162   1.061   1.026   1.029   1.062
1973.000   0.786   0.980   1.073   1.257   1.173   1.134   1.219   1.133   1.192   1.035   0.876   0.606   0.965   0.936   0.898   0.949   0.977   1.125   1.077   0.788   0.706   0.811   0.992   1.102   0.839   0.943   0.683   0.906   0.757   0.675   0.848   0.962   1.120   0.998   0.929   1.143
1974.000   1.093   1.045   1.106   1.160   1.143   1.123   1.193   1.143   1.153   1.128   1.130   0.916   1.119   1.180   1.126   1.151   1.188   1.267   1.246   1.097   1.130   1.140   1.173   1.182   1.063   1.021   1.016   0.926   1.071   1.225   1.207   1.230   1.281   1.182   1.115   1.079
1975.000   0.908   0.791   0.933   0.950   0.936   0.890   0.864   0.883   0.843   0.841   0.878   0.858   0.967   1.049   1.044   1.032   1.051   0.858   0.790   0.902   0.898   0.931   0.968   0.980   0.929   0.784   0.765   0.946   1.003   0.935   0.953   0.986   0.991   0.867   0.963   1.003
1976.000   0.914   0.791   0.949   1.004   0.989   0.982   1.153   1.007   0.971   0.990   1.004   0.749   0.904   0.945   1.055   1.050   1.126   0.855   0.817   0.993   0.974   1.012   0.986   1.009   0.992   0.783   0.798   0.730   1.018   1.110   1.045   1.121   1.137   0.994   0.918   0.942
1977.000   0.663   0.502   0.589   0.583   0.450   0.496   0.583   0.669   0.628   0.619   0.779   0.419   0.715   0.524   0.660   0.706   0.727   0.525   0.488   0.686   0.602   0.600   0.580   0.656   0.661   0.643   0.646   0.707   0.722   0.658   0.709   0.699   0.656   0.628   0.783   0.617
1978.000   0.935   0.864   0.835   0.899   1.022   0.949   0.860   0.904   0.965   0.934   0.803   0.839   0.843   0.895   0.903   0.930   0.925   0.685   0.757   0.831   0.858   0.890   0.808   0.947   0.873   0.820   0.790   0.859   0.752   0.798   0.895   0.806   0.992   1.002   0.967   1.007
1979.000   0.780   0.771   0.760   0.804   0.832   0.859   0.798   0.782   0.691   0.778   0.838   0.943   0.881   0.886   0.882   0.936   0.930   0.912   0.852   0.839   0.899   0.941   0.866   0.912   0.898   0.838   0.750   0.861   0.914   0.847   0.839   0.856   0.862   0.779   0.831   0.899
1980.000   0.661   0.723   0.743   0.666   0.615   0.591   0.623   0.632   0.652   0.688   0.830   0.642   0.827   0.603   0.602   0.650   0.651   0.662   0.730   0.668   0.661   0.651   0.645   0.640   0.671   0.581   0.599   0.595   0.638   0.724   0.714   0.653   0.574   0.729   0.688   0.606
1981.000   0.796   0.838   0.781   0.844   0.848   0.835   0.806   0.746   0.800   0.784   0.825   0.880   0.716   0.774   0.832   0.857   0.845   0.879   0.884   0.836   0.823   0.830   0.756   0.869   0.807   0.829   0.811   0.853   0.841   0.876   0.822   0.758   0.817   0.914   0.918   0.906
1982.000   0.878   0.942   0.894   0.842   0.925   0.924   0.859   0.939   0.956   0.929   0.965   0.929   0.991   0.910   0.906   0.938   0.991   1.079   0.888   0.886   0.925   0.964   0.792   0.855   0.936   0.960   0.931   0.927   0.847   0.894   0.958   0.859   0.889   0.934   0.838   0.901
1983.000   0.675   0.668   0.618   0.657   0.649   0.644   0.622   0.624   0.683   0.677   0.678   0.563   0.617   0.503   0.619   0.658   0.659   0.606   0.558   0.589   0.519   0.552   0.589   0.523   0.631   0.477   0.593   0.733   0.567   0.591   0.507   0.596   0.509   0.668   0.695   0.693
1984.000   0.753   0.931   0.826   0.964   0.899   0.950   0.923   0.936   0.907   0.934   0.960   0.952   0.960   0.907   0.908   0.934   0.853   0.979   0.942   0.916   0.893   0.984   0.874   0.900   0.914   0.835   0.903   0.833   0.911   0.882   0.857   0.795   0.839   0.786   0.698   0.732
1985.000   0.821   0.755   0.789   0.780   0.716   0.689   0.710   0.726   0.749   0.692   0.878   0.902   0.913   0.757   0.795   0.885   0.846   0.784   0.822   0.774   0.744   0.728   0.747   0.749   0.748   0.770   0.687   0.796   0.779   0.761   0.776   0.752   0.661   0.710   0.763   0.707
1986.000   0.753   0.809   0.840   0.819   0.786   0.793   0.798   0.813   0.791   0.831   0.853   0.888   0.887   0.820   0.776   0.856   0.817   0.975   0.898   0.828   0.879   0.887   0.810   0.789   0.856   0.886   0.914   0.863   0.805   0.920   0.876   0.853   0.894   0.895   0.901   0.925
1987.000   0.736   0.689   0.638   0.595   0.606   0.608   0.620   0.614   0.657   0.612   0.729   0.794   0.694   0.633   0.645   0.677   0.700   0.660   0.615   0.746   0.705   0.672   0.627   0.598   0.759   0.579   0.585   0.617   0.731   0.789   0.783   0.702   0.727   0.600   0.714   0.665
1988.000   0.644   0.800   0.709   0.674   0.701   0.732   0.746   0.786   0.745   0.721   0.921   0.872   0.847   0.778   0.851   0.850   0.788   0.884   0.902   0.897   0.711   0.800   0.699   0.723   0.783   0.679   0.616   0.774   0.835   0.751   0.847   0.715   0.761   0.806   0.749   0.797
1989.000   1.037   0.928   0.949   0.978   0.950   1.008   1.010   1.031   0.987   0.979   0.952   1.055   0.930   1.101   1.057   1.064   1.069   1.121   1.091   1.083   1.019   1.027   1.065   1.050   0.941   0.973   0.863   0.972   1.066   1.104   1.067   1.044   1.028   1.111   1.114   1.039
1990.000   0.969   0.827   0.797   0.933   0.967   0.910   0.973   0.935   0.963   0.949   0.962   0.921   0.924   0.960   0.970   0.974   0.990   0.982   1.021   0.936   0.870   0.914   0.969   0.919   0.933   0.911   0.882   0.994   0.880   0.917   0.876   0.872   0.907   0.906   0.788   0.911
1991.000   0.861   0.832   0.828   0.862   0.901   0.878   0.868   0.888   0.900   0.853   0.906   0.875   0.976   0.836   0.795   0.865   0.895   0.946   0.946   0.776   0.773   0.791   0.876   0.924   0.871   0.841   0.806   0.935   0.714   0.753   0.788   0.916   0.951   0.850   0.795   0.983
1992.000   0.784   0.747   0.781   0.834   0.793   0.788   0.712   0.755   0.760   0.750   0.736   0.722   0.791   0.804   0.740   0.762   0.773   0.760   0.739   0.748   0.801   0.784   0.860   0.768   0.833   0.694   0.710   0.801   0.764   0.778   0.759   0.839   0.801   0.727   0.694   0.760
1993.000   0.919   0.951   0.866   0.943   0.904   0.947   0.938   0.987   0.993   0.988   0.820   0.888   0.831   0.887   0.837   0.885   0.877   0.966   0.915   0.867   0.938   0.907   0.934   0.879   0.961   0.890   0.906   0.971   0.837   0.889   0.862   0.866   0.874   0.822   0.898   0.918
1994.000   0.975   0.889   0.852   1.002   0.955   0.976   0.946   0.955   1.003   0.993   0.862   0.867   0.866   0.812   0.789   0.895   0.908   0.863   0.853   0.914   0.858   0.881   0.847   0.909   0.862   0.999   0.866   0.926   0.850   0.810   0.897   0.820   0.877   0.856   0.903   0.848
1995.000   0.974   1.091   1.124   1.080   1.008   0.994   0.980   0.961   1.020   1.014   1.041   0.924   0.976   0.986   0.954   0.998   0.984   1.119   1.101   0.981   0.904   0.958   0.973   0.956   1.087   1.001   0.962   0.985   0.941   0.853   0.938   1.015   1.010   1.047   1.013   1.051
1996.000   1.037   0.951   0.918   0.939   0.934   0.888   0.830   0.958   0.945   1.051   0.927   1.022   0.943   0.992   0.969   0.980   0.904   0.993   0.849   1.007   1.038   1.066   0.973   0.927   1.006   0.927   0.926   0.860   0.962   0.973   0.951   0.840   0.917   0.973   0.931   0.949
1997.000   0.879   0.927   0.991   0.835   0.754   0.757   0.803   0.811   0.786   0.885   1.013   0.959   0.845   0.712   0.767   0.784   0.791   0.801   0.789   0.953   0.942   0.919   0.799   0.824   0.862   0.772   0.691   0.735   0.949   0.898   0.869   0.807   0.807   0.825   0.818   0.799
1998.000   0.763   0.723   0.725   0.753   0.726   0.693   0.667   0.647   0.699   0.673   0.807   0.654   0.741   0.724   0.747   0.823   0.815   0.808   0.856   0.736   0.615   0.683   0.607   0.677   0.712   0.667   0.689   0.862   0.727   0.668   0.661   0.669   0.637   0.605   0.746   0.768
1999.000   0.912   1.143   1.012   1.056   1.037   1.043   0.998   1.049   1.065   1.075   1.132   1.103   1.094   1.023   1.051   1.134   1.092   1.155   1.102   1.141   1.055   1.065   1.032   1.050   1.087   1.032   0.964   1.011   1.081   1.089   1.116   1.079   1.082   1.115   1.028   1.057
2000.000   1.168   1.217   1.240   1.260   1.280   1.291   1.235   1.266   1.299   1.234   1.144   1.081   1.199   1.207   1.128   1.120   1.090   1.233   1.222   1.085   1.171   1.155   1.118   1.186   1.143   1.154   1.164   1.280   1.090   1.140   1.121   1.165   1.131   1.230   1.159   1.317
2001.000   0.847   0.932   0.848   0.973   0.927   0.921   0.928   0.892   0.910   0.937   0.930   0.989   0.916   0.841   0.893   0.910   0.877   0.967   0.864   0.929   0.945   0.952   0.885   0.851   0.856   0.804   0.746   0.882   0.852   0.854   0.875   0.790   0.814   0.876   0.799   0.894
2002.000   0.886   0.948   0.954   0.847   0.987   0.893   0.814   0.845   0.885   0.947   0.881   0.845   0.930   1.013   0.918   0.913   0.867   0.810   0.885   0.882   0.959   0.884   0.915   0.878   0.968   0.801   0.768   0.959   0.875   0.896   0.910   0.950   0.994   0.824   0.837   0.985
2003.000   0.948   0.781   0.722   0.781   0.741   0.691   0.707   0.773   0.725   0.849   0.932   0.880   0.875   0.765   0.794   0.855   0.761   0.809   0.806   0.915   0.812   0.889   0.774   0.776   0.802   0.803   0.832   0.841   0.876   0.781   0.828   0.726   0.763   0.720   0.737   0.729
2004.000   0.818   0.900   0.819   0.871   0.874   0.879   0.874   0.809   0.845   0.866   0.831   0.876   0.911   0.785   0.762   0.769   0.726   0.840   0.852   0.770   0.822   0.833   0.770   0.868   0.784   0.702   0.716   0.837   0.808   0.810   0.765   0.788   0.771   0.720   0.728   0.777
2005.000   0.898   0.861   0.860   0.849   0.846   0.853   0.768   0.773   0.828   0.753   0.809   0.867   0.701   0.740   0.813   0.797   0.689   0.714   0.759   0.755   0.762   0.739   0.706   0.667   0.823   0.857   0.786   0.820   0.704   0.701   0.671   0.620   0.696   0.736   0.736   0.783
2006.000   0.879   0.963   0.918   0.994   0.918   0.882   0.839   0.875   0.916   0.934   0.901   0.973   0.954   0.872   0.816   0.896   0.843   0.943   0.965   0.892   0.951   0.866   0.784   0.740   0.854   0.857   0.742   0.825   0.827   0.894   0.923   0.857   0.812   0.918   0.830   0.970
2007.000   0.911   1.057   1.028   1.085   1.071   1.037   1.009   1.060   1.061   1.011   0.971   0.987   0.871   0.990   1.036   1.047   0.981   1.140   1.152   0.966   0.926   1.005   1.001   1.094   0.975   0.969   0.841   0.944   1.005   0.871   0.882   0.901   0.930   0.974   0.981   1.073
2008.000   1.251   1.200   1.220   1.189   1.226   1.213   1.159   1.153   1.190   1.175   1.176   1.339   1.289   1.171   1.093   1.146   1.120   1.138   1.190   1.223   1.184   1.204   1.172   1.134   1.238   1.134   1.093   1.200   1.183   1.126   1.213   1.119   1.197   1.109   1.161   1.243
2009.000   1.070   1.293   1.256   1.322   1.352   1.301   1.334   1.289   1.271   1.339   1.042   1.150   1.145   1.069   1.035   1.072   1.074   1.212   1.266   0.993   1.021   0.997   1.111   1.089   1.080   1.205   1.118   1.315   0.995   0.999   0.992   1.121   1.093   1.033   1.062   1.159
2010.000   0.859   0.978   0.924   0.870   0.921   0.872   0.811   0.893   0.892   0.858   0.890   0.850   0.896   0.935   0.963   0.935   0.850   0.885   0.940   0.870   0.857   0.826   0.893   0.873   0.858   0.793   0.734   0.866   0.923   0.872   0.848   0.979   0.874   0.829   0.812   0.782
2011.000   1.259   1.114   1.135   1.242   1.194   1.211   1.185   1.192   1.213   1.179   1.094   1.221   1.127   1.147   1.157   1.141   1.126   1.250   1.182   1.189   1.275   1.295   1.170   1.248   1.176   1.143   1.065   1.082   1.224   1.234   1.219   1.253   1.277   1.173   1.091   1.154
2012.000   1.046   1.093   1.038   1.178   1.095   1.131   1.062   1.144   1.167   1.145   1.086   1.005   1.077   0.920   0.962   0.941   0.970   1.028   1.108   1.006   0.942   0.941   1.062   1.034   0.937   0.951   0.996   1.125   0.971   1.040   0.901   1.053   0.995   0.958   0.916   1.074
2013.000   0.961   1.084   1.161   1.219   1.219   1.166   1.136   1.227   1.200   1.190   1.055   1.128   1.116   0.964   0.980   0.989   0.997   1.039   1.164   0.980   0.968   0.931   0.957   0.970   1.011   0.927   0.990   1.040   0.966   0.950   1.011   0.982   0.996   1.001   1.032   1.059
2014.000   1.062   1.086   1.039   1.250   1.231   1.214   1.131   1.165   1.245   1.167   0.937   1.115   1.008   0.993   0.947   0.916   0.898   1.293   1.231   0.943   1.073   1.051   1.010   1.057   0.994   1.112   1.041   1.139   0.930   0.996   0.975   1.006   1.142   1.088   1.110   1.139
2015.000   1.087   1.248   1.169   1.306   1.258   1.216   1.208   1.215   1.257   1.186   0.986   0.899   1.109   0.938   0.862   0.875   0.891   1.116   1.155   0.949   1.009   0.960   0.953   1.006   0.892   1.133   1.157   1.212   0.987   0.957   1.007   1.003   1.055   0.958   0.979   0.976
2016.000   0.863   0.871   0.840   0.881   0.854   0.857   0.809   0.875   0.873   0.819   0.778   0.828   0.738   0.782   0.806   0.788   0.734   0.786   0.921   0.810   0.833   0.847   0.808   0.858   0.747   0.680   0.684   0.846   0.761   0.731   0.757   0.730   0.814   0.778   0.804   0.811
2017.000   0.860   0.797   0.728   0.787   0.694   0.676   0.689   0.772   0.790   0.868   0.798   0.711   0.925   0.797   0.762   0.772   0.745   0.673   0.730   0.777   0.906   0.806   0.849   0.841   0.828   0.724   0.623   0.723   0.751   0.844   0.805   0.774   0.770   0.751   0.762   0.730
2018.000   0.826   0.824   0.842   0.885   0.829   0.834   0.780   0.851   0.838   0.834   0.909   1.003   0.905   0.787   0.892   0.914   0.890   0.757   0.833   0.906   0.920   0.874   0.816   0.769   0.869   0.749   0.745   0.732   0.873   0.967   0.893   0.770   0.816   0.838   0.779   0.777
2019.000   0.779   0.716   0.798   0.831   0.865   0.863   0.803   0.795   0.816   0.786   0.839   0.879   0.871   0.803   0.843   0.844   0.857   0.886   0.931   0.824   0.853   0.820   0.893   0.898   0.936   0.846   0.765   0.894   0.821   0.900   0.864   0.865   0.844   0.820   0.750   0.859
2020.000   0.875   0.934   1.077   0.965   1.036   1.037   0.905   1.016   1.038   0.980   0.870   1.030   0.980   0.945   0.888   0.828   0.837   0.944   0.942   0.901   0.956   0.877   0.999   0.916   0.982   0.897   0.849   0.897   0.873   0.945   0.940   0.904   0.980   0.805   0.750   0.847
