 Year King_Hakon DJF
1905.000   1.294   1.413   1.550   1.359   1.392   1.261   1.367   1.392   1.035   1.096   1.505   1.181   1.234   1.107   1.204   1.249   1.175   1.021   1.132   1.314   1.653   1.254   1.283   1.209   1.244   1.109   0.971
1906.000   0.939   0.920   0.950   0.864   0.816   0.865   0.892   0.896   0.751   0.636   0.991   0.659   0.531   0.534   0.678   0.663   0.532   0.903   0.865   0.786   0.669   0.642   0.594   0.783   0.698   1.034   0.921
1907.000   1.163   0.984   0.906   1.151   1.104   0.988   1.076   1.081   1.014   0.881   1.143   1.193   1.141   1.085   1.129   1.071   0.962   1.188   1.289   1.120   1.044   1.131   1.019   1.128   0.979   1.086   1.157
1908.000   1.035   1.327   1.216   1.364   1.321   1.166   1.310   1.325   1.169   0.931   1.095   1.379   1.535   1.405   1.424   1.191   1.087   1.051   1.046   1.047   1.259   1.130   1.002   0.967   0.857   0.932   1.033
1909.000   0.940   0.729   0.506   0.669   0.648   0.767   0.710   0.679   0.794   0.664   0.520   0.952   0.958   0.608   0.653   0.318   0.385   0.613   0.687   0.662   0.527   0.712   0.740   0.851   0.750   1.075   1.041
1910.000   0.985   1.112   0.898   1.109   1.078   0.961   1.004   0.972   0.945   0.787   0.932   0.717   0.544   0.471   0.501   0.429   0.486   0.563   0.746   0.982   0.521   0.841   0.969   0.914   0.891   1.080   1.127
1911.000   1.271   0.816   0.657   0.835   0.744   0.730   0.842   0.766   0.880   0.771   0.845   0.738   0.388   0.511   0.721   0.510   0.580   0.787   0.982   0.899   0.742   0.868   0.934   1.027   0.887   1.230   1.193
1912.000   1.034   1.071   1.164   1.219   1.268   1.129   1.251   1.236   1.050   0.909   1.167   1.213   0.894   0.961   1.186   1.220   1.164   1.151   1.183   0.821   0.850   0.935   0.929   0.972   1.008   0.992   0.947
1913.000   0.840   0.922   0.782   1.017   1.049   1.007   1.012   0.979   1.004   0.951   1.172   0.941   0.674   0.982   0.909   0.915   0.816   0.843   1.085   1.287   1.037   1.190   1.119   1.352   1.285   1.037   1.024
1914.000   0.834   1.031   1.079   1.145   1.107   1.221   1.206   1.181   1.136   1.145   0.914   0.987   1.412   1.051   1.189   1.189   1.095   1.021   1.051   0.886   1.336   0.937   1.008   1.123   1.151   1.088   1.003
1915.000   1.027   1.055   0.879   1.018   1.136   1.148   1.045   1.023   1.143   1.101   1.043   1.051   1.043   0.886   0.979   0.961   0.681   0.894   0.931   0.986   0.805   0.829   0.839   0.722   0.651   1.144   1.018
1916.000   0.879   0.849   0.844   1.029   1.030   1.013   0.994   0.880   0.819   0.734   1.150   1.029   1.079   1.124   1.178   1.020   0.983   1.084   1.092   1.175   1.154   1.193   1.181   1.167   1.106   0.987   1.022
1917.000   1.375   1.326   0.891   1.219   1.402   1.368   1.144   1.128   1.137   1.277   1.148   1.172   1.187   1.550   1.375   1.277   1.360   1.573   1.614   1.400   1.307   1.421   1.389   1.399   1.466   1.069   1.172
1918.000   1.360   0.941   0.843   0.825   0.792   0.847   0.838   0.811   0.930   0.845   0.895   0.761   0.959   0.708   0.823   0.905   0.831   0.856   0.930   0.967   1.165   0.995   1.045   0.880   0.874   1.359   1.321
1919.000   1.125   0.850   0.955   0.985   1.008   0.981   1.062   1.051   1.094   0.955   0.647   0.842   1.077   0.679   0.968   0.754   0.644   0.714   0.626   0.812   1.020   0.914   0.933   0.868   0.751   0.941   0.939
1920.000   1.114   1.114   0.873   1.142   1.142   1.149   1.101   0.977   1.003   0.922   0.806   0.883   1.039   0.570   0.583   0.686   0.605   0.865   1.071   1.001   0.967   1.016   0.934   0.993   0.894   1.000   0.987
1921.000   1.175   1.375   1.416   1.554   1.559   1.356   1.381   1.421   1.071   0.996   1.295   1.164   1.260   1.482   1.336   1.416   1.363   1.405   1.412   1.273   1.417   1.400   1.203   1.287   1.307   0.969   1.097
1922.000   1.046   0.990   1.096   1.195   1.213   1.018   1.193   1.165   0.998   0.861   1.100   1.231   1.292   1.188   1.192   1.182   1.318   1.384   1.312   0.849   0.954   0.928   0.873   0.828   0.779   1.195   1.159
1923.000   1.003   0.651   0.621   0.697   0.678   0.639   0.705   0.702   0.637   0.563   0.935   0.936   0.741   0.745   0.949   0.979   0.821   0.799   0.876   0.761   0.918   0.790   0.910   0.909   1.010   1.173   1.116
1924.000   1.081   1.544   1.672   1.690   1.783   1.616   1.642   1.643   1.526   1.407   1.590   1.618   1.349   1.808   1.955   1.836   1.740   1.563   1.467   1.590   1.550   1.625   1.586   1.342   1.421   1.084   1.007
1925.000   1.028   0.949   0.916   0.963   0.926   0.825   0.924   0.922   0.995   0.960   0.847   0.935   1.150   0.740   0.791   0.794   0.824   0.791   0.771   0.725   0.855   0.813   0.851   0.971   0.901   1.121   1.139
1926.000   0.704   0.919   0.872   0.911   0.807   0.874   0.853   0.775   0.765   0.703   0.417   0.644   0.646   0.433   0.675   0.539   0.377   0.579   0.658   0.712   0.908   0.741   0.866   0.948   0.831   0.885   0.939
1927.000   1.195   1.092   1.082   1.092   1.066   1.058   1.080   1.061   0.830   0.887   1.379   1.150   1.353   1.141   1.180   1.211   1.064   0.968   1.149   1.298   1.369   1.255   1.194   1.295   1.184   1.075   1.120
1928.000   1.328   1.304   1.215   1.308   1.375   1.367   1.335   1.299   1.297   1.252   1.106   1.112   1.500   1.236   1.362   1.222   1.176   1.251   1.230   1.152   1.451   1.178   1.177   1.101   1.101   1.180   1.091
1929.000   1.056   1.244   1.129   1.072   1.134   1.030   1.187   1.132   0.998   0.996   0.903   0.933   0.881   0.645   0.820   0.814   0.731   0.861   0.956   0.781   0.980   0.823   0.828   0.773   0.820   1.141   1.176
1930.000   1.181   0.808   0.890   0.859   0.822   0.880   0.935   0.849   0.864   0.807   0.814   1.114   1.072   0.840   1.158   1.044   0.744   0.870   0.857   0.890   1.008   0.855   0.801   0.781   0.881   1.107   1.134
1931.000   1.092   1.047   1.028   1.016   1.013   1.066   1.130   1.134   1.049   1.102   1.100   1.158   0.875   1.051   1.160   1.045   1.107   1.053   1.228   1.108   1.176   1.211   1.107   1.216   1.181   1.169   1.121
1932.000   0.945   1.275   1.096   1.268   1.191   1.263   1.220   1.165   1.136   0.967   0.857   1.055   1.051   1.029   0.982   0.812   0.763   0.889   0.925   0.945   0.810   1.041   0.966   1.180   1.074   0.904   1.025
1933.000   1.125   1.562   1.411   1.571   1.583   1.403   1.469   1.425   1.355   1.233   1.283   1.321   1.268   1.301   1.205   1.094   1.095   1.191   1.289   1.240   1.023   1.102   0.969   1.246   1.167   1.001   1.025
1934.000   1.328   1.490   1.338   1.379   1.428   1.458   1.380   1.342   1.319   1.419   1.252   1.216   1.238   1.294   1.275   1.221   1.112   1.254   1.378   1.397   1.298   1.347   1.235   1.443   1.418   1.199   1.182
1935.000   1.178   1.170   1.136   1.094   1.096   1.056   1.144   1.083   1.133   1.057   1.191   1.395   1.325   1.167   1.397   1.203   1.178   1.049   0.908   1.124   0.919   1.101   1.231   1.165   0.993   1.199   1.132
1936.000   1.055   0.834   0.850   0.717   0.640   0.729   0.783   0.729   0.778   0.731   0.726   0.900   0.629   0.542   0.541   0.455   0.494   0.665   0.627   0.957   0.930   0.796   0.837   0.986   0.838   1.070   1.057
1937.000   1.071   1.375   1.359   1.497   1.387   1.408   1.443   1.372   1.205   1.134   1.246   1.587   1.314   1.611   1.436   1.391   1.345   1.316   1.245   1.149   1.103   1.170   1.035   1.188   1.302   1.055   1.056
1938.000   1.098   1.320   1.332   1.384   1.309   1.344   1.330   1.348   1.268   1.163   1.153   1.380   1.249   1.501   1.530   1.396   1.428   1.412   1.334   1.210   1.213   1.320   1.262   1.372   1.339   1.098   1.099
1939.000   1.084   0.764   0.650   0.805   0.669   0.943   0.876   0.756   0.844   0.830   0.880   1.166   0.831   1.205   1.078   1.025   1.037   1.167   1.299   0.959   0.937   1.011   0.882   1.198   1.260   1.108   1.200
1940.000   1.109   1.171   1.168   1.002   1.101   1.021   0.968   1.009   1.020   1.051   1.102   0.763   0.877   0.703   0.810   0.951   0.747   0.566   0.702   1.111   1.094   1.034   1.074   1.266   1.220   0.966   0.978
1941.000   1.026   0.994   0.956   0.921   0.989   1.015   0.916   0.925   0.981   0.895   0.723   0.767   1.371   0.616   1.004   0.824   0.615   0.438   0.389   0.827   0.964   0.903   1.044   0.895   0.738   0.918   0.889
1942.000   0.670   0.674   0.561   0.535   0.506   0.704   0.612   0.609   0.624   0.644   0.771   0.758   0.523   0.831   0.720   0.718   0.812   0.907   0.898   0.813   0.811   0.880   0.807   0.989   0.976   0.856   0.894
1943.000   1.118   0.977   0.787   1.002   0.944   1.195   0.951   1.002   1.087   1.131   1.130   1.385   1.442   1.462   1.306   1.187   1.364   1.166   1.061   1.259   1.172   1.245   1.333   1.262   1.443   1.099   1.127
1944.000   1.072   1.046   0.883   0.773   0.818   0.723   0.630   0.706   0.936   0.991   1.064   1.050   1.079   1.143   1.165   1.230   1.164   0.991   0.836   1.080   0.884   0.989   1.015   0.990   0.958   1.035   1.029
1945.000   1.266   1.431   1.435   1.219   1.315   1.433   1.359   1.383   1.399   1.515   1.563   1.726   1.476   1.931   1.734   1.877   1.959   1.463   1.388   1.483   1.675   1.640   1.546   1.490   1.752   1.126   1.064
1946.000   0.980   0.910   0.701   0.808   0.672   0.782   0.747   0.767   1.026   0.971   1.274   0.788   0.612   1.379   1.177   1.381   1.596   1.059   1.184   1.202   1.030   1.168   1.208   1.152   1.299   1.127   1.066
1947.000   1.070   0.987   0.826   0.851   0.919   1.056   0.985   0.854   1.161   1.203   1.024   0.998   0.810   0.859   0.922   0.891   0.831   0.711   0.943   1.061   1.043   1.095   1.025   1.097   1.188   0.911   0.976
1948.000   1.160   1.445   1.375   1.322   1.195   1.206   1.221   1.181   1.401   1.439   0.999   1.104   1.419   0.937   1.073   1.044   0.952   0.762   0.742   1.110   1.258   0.991   1.145   1.131   1.013   1.139   1.108
1949.000   1.192   1.263   1.076   1.248   1.264   1.235   1.267   1.134   1.434   1.423   1.206   1.130   1.003   1.333   1.280   1.208   1.306   1.044   1.065   1.223   1.083   1.224   1.189   1.266   1.265   1.042   1.026
1950.000   1.141   1.203   0.865   1.014   1.095   1.154   1.021   1.026   1.290   1.325   0.610   0.702   0.955   0.649   0.585   0.527   0.506   0.694   0.606   0.711   0.567   0.580   0.672   0.744   0.748   0.998   1.078
1951.000   1.375   0.760   0.607   0.737   0.777   0.771   0.765   0.736   0.865   0.828   0.972   0.834   1.303   0.547   0.855   0.765   0.772   0.745   0.776   1.015   0.837   0.875   1.001   0.804   0.833   1.214   1.234
1952.000   1.211   1.058   1.044   1.112   1.129   1.246   1.215   1.175   1.301   1.499   1.257   1.245   0.821   1.411   1.102   1.151   1.319   1.321   1.273   1.385   1.174   1.304   1.257   1.334   1.391   1.015   1.001
1953.000   1.227   1.123   1.073   1.027   1.059   0.971   0.976   0.971   0.989   1.091   1.015   0.982   1.163   0.872   0.800   0.973   0.995   0.929   0.855   0.974   0.967   0.932   0.934   1.018   1.028   0.988   1.004
1954.000   1.213   1.338   1.342   1.284   1.251   1.169   1.233   1.178   1.234   1.209   1.348   1.482   1.265   1.403   1.488   1.443   1.481   1.284   1.283   1.330   1.286   1.303   1.415   1.229   1.287   1.034   1.040
1955.000   1.055   1.026   0.990   1.045   0.900   1.090   1.036   1.026   1.067   1.013   1.066   0.961   0.679   1.236   1.087   0.980   1.089   1.112   1.165   1.040   0.842   1.117   0.976   1.027   1.007   1.053   1.154
1956.000   1.257   1.121   1.050   1.115   1.219   0.985   1.092   1.075   1.228   1.166   1.035   0.654   0.819   0.792   0.920   0.886   0.935   0.856   0.941   1.095   0.984   1.024   1.162   1.063   0.958   1.147   1.218
1957.000   1.104   1.069   0.946   1.061   1.078   0.996   1.043   1.016   1.103   1.109   1.012   0.871   0.959   0.681   0.601   0.674   0.687   0.765   0.820   0.783   0.657   0.614   0.627   0.685   0.657   1.103   1.137
1958.000   0.985   0.934   1.020   1.097   0.990   1.053   1.021   1.007   1.007   0.957   1.136   1.043   1.014   1.268   1.247   1.180   1.203   1.172   1.147   0.913   0.900   0.966   0.885   0.807   0.763   0.898   0.927
1959.000   1.356   1.381   1.389   1.303   1.282   1.212   1.185   1.212   1.190   1.274   1.318   1.011   1.086   1.145   0.935   0.992   1.047   1.160   1.099   1.135   0.934   0.956   1.008   1.027   0.886   0.990   0.984
1960.000   1.248   0.883   0.691   0.804   0.768   0.869   0.813   0.797   0.853   0.894   1.049   1.201   1.012   1.135   1.017   0.866   0.957   0.969   1.137   1.103   0.785   1.015   0.966   1.076   0.954   0.988   1.105
1961.000   1.097   0.877   0.875   0.805   0.634   0.762   0.758   0.712   0.754   0.758   1.015   1.101   0.789   1.047   0.974   0.963   1.002   1.177   1.230   1.011   0.902   0.997   0.833   1.051   1.040   1.062   1.128
1962.000   1.222   0.958   0.867   0.977   0.947   0.984   0.995   0.956   0.953   0.883   1.356   1.126   0.910   1.338   1.209   1.385   1.374   1.379   1.662   1.453   1.219   1.474   1.373   1.405   1.433   1.126   1.209
1963.000   1.220   0.865   0.933   0.856   0.889   0.976   0.880   0.854   0.890   1.016   0.854   0.719   0.696   0.790   0.818   0.633   0.722   1.055   0.962   0.945   0.795   0.885   1.029   1.081   0.896   1.070   1.144
1964.000   1.043   0.722   0.685   0.627   0.686   0.846   0.684   0.667   0.739   0.918   0.803   0.837   0.954   0.931   0.872   0.901   0.906   1.032   0.889   0.982   0.950   0.985   1.024   0.886   1.000   1.055   0.999
1965.000   1.129   1.199   1.243   1.229   1.252   1.027   1.141   1.115   1.140   1.181   1.118   1.148   1.548   0.934   0.797   0.900   0.905   0.846   0.872   1.005   1.102   0.834   0.882   0.948   0.805   1.011   1.073
1966.000   1.160   1.068   1.088   1.209   1.277   1.216   1.197   1.135   1.139   1.107   1.164   1.139   1.480   1.193   1.226   1.218   1.345   1.229   1.218   0.991   0.901   0.990   0.988   0.889   0.865   1.008   0.950
1967.000   1.330   1.468   1.443   1.367   1.456   1.409   1.442   1.414   1.367   1.443   1.306   1.456   1.695   1.510   1.279   1.453   1.482   1.369   1.358   1.319   1.473   1.305   1.244   1.192   1.384   1.150   1.125
1968.000   1.105   0.553   0.362   0.453   0.485   0.637   0.494   0.478   0.729   0.793   0.583   0.765   1.005   0.712   0.638   0.724   0.701   0.741   0.493   0.579   0.421   0.632   0.668   0.566   0.573   0.990   0.995
1969.000   1.050   0.952   1.100   1.088   1.015   0.870   1.023   0.978   1.100   1.018   1.241   1.155   1.138   1.040   1.092   1.086   1.052   0.890   1.006   1.004   0.929   1.006   0.936   0.821   0.761   0.926   0.990
1970.000   1.028   1.333   1.348   1.153   1.149   1.161   1.224   1.231   1.228   1.274   1.282   1.432   0.896   1.497   1.396   1.304   1.508   1.352   1.358   1.332   1.194   1.377   1.326   1.479   1.362   0.928   1.002
1971.000   1.340   1.092   1.088   1.094   1.156   1.000   1.103   1.064   1.004   1.083   1.338   1.325   1.215   1.328   1.202   1.211   1.400   1.486   1.521   1.298   1.242   1.258   1.232   1.069   1.128   1.113   1.202
1972.000   1.150   0.696   0.785   0.962   0.958   0.938   0.965   0.928   1.171   1.153   0.539   0.606   1.117   0.680   0.593   0.543   0.633   0.803   0.757   0.591   0.711   0.610   0.643   0.639   0.559   0.898   1.091
1973.000   0.887   1.069   1.249   1.091   1.096   1.120   1.211   1.190   1.189   1.248   1.039   1.012   0.907   1.030   1.079   1.161   1.227   1.189   1.243   1.069   1.111   1.132   1.170   1.032   1.052   0.979   0.988
1974.000   1.382   1.327   1.323   1.259   1.304   1.203   1.282   1.304   1.192   1.226   1.628   1.593   1.239   1.571   1.439   1.614   1.705   1.488   1.609   1.522   1.451   1.556   1.471   1.393   1.488   1.291   1.307
1975.000   0.971   1.129   1.062   1.035   1.067   0.922   0.919   0.958   1.041   1.170   1.038   1.046   1.390   1.239   1.098   1.268   1.301   1.110   0.928   1.025   1.053   0.963   1.016   0.881   0.976   1.018   1.021
1976.000   1.291   1.258   1.204   1.176   1.136   1.044   1.078   1.121   1.145   1.178   1.244   1.384   1.326   1.455   1.280   1.420   1.591   1.448   1.482   1.200   1.140   1.225   1.182   1.110   1.245   1.162   1.230
1977.000   1.047   0.997   1.143   1.122   1.137   1.091   1.228   1.246   1.087   1.071   1.004   1.183   1.158   1.192   1.099   0.992   1.031   1.119   1.078   0.883   0.936   0.972   0.662   0.739   0.782   0.807   1.003
1978.000   0.875   1.041   1.230   0.982   1.133   0.978   0.969   1.042   0.949   1.172   1.247   1.047   0.688   1.366   1.437   1.599   1.462   1.430   1.447   1.354   1.427   1.421   1.525   1.411   1.565   0.948   0.912
1979.000   0.918   0.946   1.089   1.016   1.026   0.996   1.005   1.028   1.003   1.019   1.166   1.095   1.087   1.070   1.024   1.196   1.089   0.980   0.981   1.232   1.169   1.184   1.115   1.005   1.107   1.066   1.025
1980.000   0.895   0.899   0.998   0.893   0.865   0.912   0.929   0.924   0.916   0.910   0.961   0.980   1.002   1.002   0.964   1.015   1.081   0.999   0.957   0.898   0.973   0.919   0.958   0.915   0.892   0.966   0.990
1981.000   0.911   1.054   1.123   1.092   1.066   1.028   1.064   1.113   1.013   1.005   1.020   0.973   0.990   0.996   0.906   0.987   0.981   0.987   0.948   0.912   0.968   0.937   0.974   0.880   0.913   0.965   0.998
1982.000   1.126   1.209   1.288   1.193   1.199   1.201   1.165   1.228   1.046   1.131   1.167   1.201   1.167   1.189   1.274   1.324   1.274   1.303   1.309   1.182   1.310   1.184   1.149   1.176   1.249   1.141   1.099
1983.000   0.564   0.712   0.743   0.737   0.776   0.779   0.684   0.758   0.831   0.880   0.673   0.696   0.856   0.773   0.753   0.755   0.793   0.791   0.785   0.775   0.713   0.745   0.804   0.898   0.828   0.694   0.703
1984.000   1.164   1.192   1.258   1.118   1.118   1.159   1.140   1.165   1.181   1.235   1.172   1.099   1.013   1.156   1.029   1.136   1.219   1.165   1.098   1.142   1.190   1.123   1.152   1.208   1.253   1.232   1.135
1985.000   0.981   1.090   1.135   1.013   1.024   1.084   1.013   1.113   1.053   0.999   1.069   1.170   1.185   1.092   1.019   1.070   1.043   1.003   0.949   1.037   1.110   1.070   1.095   0.994   1.123   1.104   1.043
1986.000   1.149   1.382   1.456   1.350   1.387   1.373   1.408   1.462   1.406   1.338   1.351   1.336   1.241   1.367   1.369   1.393   1.428   1.246   1.214   1.306   1.298   1.348   1.346   1.311   1.300   1.013   1.046
1987.000   0.659   0.720   0.805   0.704   0.722   0.669   0.684   0.717   0.739   0.802   0.635   0.606   0.633   0.583   0.726   0.706   0.692   0.835   0.713   0.745   0.765   0.707   0.844   0.864   0.725   0.886   0.914
1988.000   1.297   1.310   1.433   1.278   1.307   1.326   1.377   1.421   1.321   1.408   1.289   1.255   1.277   1.269   1.132   1.251   1.352   1.357   1.282   1.190   1.302   1.130   1.137   1.150   1.190   1.103   1.051
1989.000   1.199   1.212   1.340   1.275   1.266   1.252   1.276   1.344   1.262   1.207   1.175   1.146   1.230   1.168   1.245   1.256   1.272   1.270   1.213   1.127   1.233   1.191   1.259   1.237   1.166   1.216   1.246
1990.000   1.087   1.196   1.250   1.237   1.233   1.182   1.157   1.189   1.267   1.200   1.156   1.159   1.222   1.111   1.108   1.146   1.118   1.207   1.219   1.170   1.143   1.062   1.126   1.099   1.018   1.090   1.045
1991.000   0.801   0.868   0.841   0.902   0.933   0.931   0.881   0.908   1.023   1.024   0.898   0.839   0.929   0.908   0.934   1.036   0.927   0.948   0.969   0.947   0.946   0.908   1.001   0.812   0.929   0.957   1.011
1992.000   1.026   1.037   1.042   0.988   1.074   1.095   1.053   1.043   1.067   1.134   0.942   0.993   1.012   0.940   0.917   0.942   1.015   0.940   0.936   1.072   1.173   1.064   1.146   0.967   1.009   0.929   0.865
1993.000   0.838   1.084   1.132   1.070   1.095   1.062   1.081   1.106   1.080   1.139   1.001   1.000   0.996   0.944   0.903   0.867   0.938   0.904   0.798   1.071   1.042   1.109   1.127   1.052   1.080   0.876   0.916
1994.000   0.922   0.886   0.956   0.918   0.938   0.966   0.976   0.967   0.930   1.003   0.903   0.997   1.046   0.962   1.011   0.963   0.888   0.906   0.859   0.934   1.019   0.913   0.963   0.926   0.976   1.060   1.034
1995.000   0.901   0.886   0.935   0.968   0.950   0.987   0.978   1.005   0.994   1.071   1.037   1.087   1.196   1.110   1.042   1.125   1.038   1.101   1.073   1.266   1.279   1.212   1.323   1.193   1.158   1.008   1.007
1996.000   0.972   1.224   1.202   1.133   1.125   1.236   1.166   1.183   1.230   1.186   1.190   1.084   1.185   1.089   1.015   1.084   1.173   1.096   1.120   1.065   1.090   1.139   1.115   1.191   1.123   1.100   1.096
1997.000   0.893   0.886   0.948   0.892   0.865   0.949   0.936   0.934   0.925   0.913   0.942   0.854   0.910   0.890   0.921   0.851   0.834   1.045   0.958   0.973   0.979   0.948   0.783   0.796   0.830   1.035   1.099
1998.000   0.843   0.877   0.967   0.886   0.938   0.986   0.958   0.986   0.983   0.958   0.876   0.838   0.900   0.928   1.059   0.986   0.994   0.867   0.844   0.895   0.877   0.893   0.990   0.875   0.774   0.903   0.876
1999.000   0.957   1.029   1.105   1.106   1.086   1.043   1.074   1.099   1.036   1.083   1.068   1.066   1.169   0.996   1.037   1.067   0.977   1.012   1.109   1.048   1.088   0.953   1.001   1.059   1.110   1.210   1.235
2000.000   1.019   1.109   1.190   1.153   1.116   1.147   1.121   1.154   1.141   1.169   1.050   1.064   1.057   1.188   1.182   1.187   1.210   1.293   1.157   1.035   1.072   1.028   1.031   1.092   1.149   1.286   1.230
2001.000   0.883   0.884   0.965   0.931   0.967   0.951   0.960   0.994   0.921   0.970   0.861   0.817   0.855   0.874   0.842   0.823   0.920   0.916   0.933   0.907   0.998   0.951   0.980   0.839   1.039   1.034   1.146
2002.000   1.129   1.230   1.316   1.210   1.247   1.206   1.206   1.298   1.293   1.273   1.225   1.223   1.221   1.397   1.258   1.422   1.425   1.351   1.258   1.139   1.153   1.213   1.095   1.080   1.179   1.046   1.065
2003.000   1.001   1.136   1.214   1.043   1.076   1.102   1.058   1.139   1.033   1.144   1.152   1.113   0.981   1.124   1.015   1.193   1.205   1.204   1.250   1.212   1.217   1.243   1.174   1.104   1.173   0.984   1.000
2004.000   0.996   1.084   1.236   1.225   1.161   1.204   1.206   1.183   1.216   1.174   1.172   1.216   1.214   1.250   1.292   1.273   1.245   1.108   1.112   1.281   1.312   1.209   1.175   1.139   1.186   1.048   1.054
2005.000   0.965   1.001   1.096   0.956   0.972   1.015   1.016   1.069   1.202   1.259   1.084   0.919   0.933   0.992   1.016   1.069   1.060   0.978   0.959   1.114   1.120   1.142   1.183   1.115   1.130   0.996   0.974
2006.000   0.862   0.973   1.042   0.878   0.927   0.972   0.973   1.050   0.992   1.052   0.995   1.001   0.940   1.032   0.977   0.993   1.042   1.157   1.012   0.988   1.071   1.027   1.061   0.989   1.082   1.109   1.112
2007.000   1.034   0.983   1.136   1.001   1.019   1.005   1.026   1.094   1.048   1.062   1.117   0.989   0.974   1.021   1.035   1.140   1.140   1.154   1.098   1.126   1.116   1.139   1.215   1.114   1.189   1.250   1.041
2008.000   1.313   1.236   1.272   1.227   1.167   1.338   1.264   1.305   1.250   1.317   1.469   1.371   1.423   1.377   1.333   1.384   1.416   1.404   1.371   1.411   1.360   1.363   1.401   1.385   1.433   1.368   1.240
2009.000   1.192   1.189   1.380   1.281   1.228   1.274   1.297   1.346   1.311   1.331   1.336   1.366   1.319   1.401   1.435   1.409   1.514   1.544   1.382   1.234   1.299   1.221   1.321   1.297   1.299   1.473   1.283
2010.000   1.032   1.232   1.332   1.312   1.270   1.212   1.244   1.280   1.254   1.198   1.209   1.122   1.154   1.142   1.155   1.173   1.206   1.252   1.214   1.199   1.227   1.211   1.184   1.085   1.109   1.056   0.929
2011.000   1.352   1.341   1.467   1.407   1.392   1.431   1.401   1.455   1.397   1.502   1.287   1.376   1.542   1.391   1.395   1.399   1.413   1.445   1.354   1.359   1.493   1.355   1.358   1.236   1.378   1.491   1.409
2012.000   1.295   1.242   1.403   1.306   1.260   1.354   1.283   1.364   1.295   1.348   1.379   1.397   1.405   1.410   1.379   1.457   1.450   1.437   1.336   1.283   1.380   1.335   1.317   1.322   1.382   1.398   1.281
2013.000   0.996   0.922   0.996   0.956   1.060   0.939   1.011   1.059   1.064   1.114   1.208   1.234   1.189   1.203   1.212   1.217   1.190   1.241   1.261   1.110   1.054   1.175   1.122   1.098   1.108   1.117   1.048
2014.000   1.141   1.170   1.282   1.238   1.231   1.247   1.219   1.248   1.191   1.277   1.229   1.178   1.141   1.151   1.071   1.219   1.247   1.357   1.300   1.180   1.237   1.248   1.216   1.288   1.305   1.117   1.121
2015.000   1.180   1.236   1.346   1.246   1.236   1.242   1.172   1.252   1.155   1.190   1.191   1.279   1.348   1.348   1.235   1.322   1.302   1.141   1.048   1.089   1.198   1.128   1.133   1.127   1.134   1.055   0.976
2016.000   0.867   0.907   1.074   1.029   1.047   1.045   1.039   1.074   1.020   1.019   0.914   0.889   0.839   0.892   0.961   0.936   0.993   0.986   0.937   0.964   0.983   1.030   1.073   1.068   0.948   1.022   0.956
2017.000   0.718   0.849   0.894   0.895   0.839   0.849   0.824   0.839   0.766   0.812   0.820   0.803   0.735   0.848   0.781   0.815   0.846   0.753   0.773   0.770   0.862   0.825   0.874   0.990   1.113   0.942   1.016
2018.000   0.667   0.726   0.781   0.715   0.713   0.726   0.677   0.704   0.784   0.789   0.734   0.593   0.561   0.620   0.677   0.761   0.700   0.891   0.869   0.822   0.899   0.975   0.996   1.006   0.802   1.049   1.090
2019.000   1.022   1.051   1.230   1.133   1.066   1.119   1.144   1.182   1.072   1.031   1.121   1.056   1.040   1.085   1.110   1.121   1.171   1.181   1.081   1.124   1.218   1.115   1.107   1.133   1.100   1.152   1.082
2020.000   0.767   0.917   1.069   0.986   0.932   1.080   1.020   1.021   0.989   1.017   0.915   0.958   1.007   1.015   1.059   1.058   1.071   1.079   0.976   0.866   0.962   1.015   1.037   1.044   1.112   1.054   1.034
