 Year King_Hakon SON
1905.000   5.335   5.392   5.090   5.027   5.090
1906.000   5.305   5.428   5.274   5.292   5.335
1907.000   5.343   5.330   5.523   5.521   5.461
1908.000   5.501   5.632   5.301   5.291   5.272
1909.000   5.423   5.573   5.279   5.291   5.292
1910.000   5.171   5.403   5.194   5.210   5.230
1911.000   5.235   5.276   5.286   5.278   5.277
1912.000   5.107   5.095   5.232   5.225   5.180
1913.000   5.182   5.080   5.211   5.246   5.320
1914.000   5.181   4.663   5.124   5.125   5.164
1915.000   5.394   5.399   5.385   5.475   5.442
1916.000   5.363   5.392   5.500   5.525   5.537
1917.000   5.114   5.392   5.478   5.477   5.428
1918.000   5.383   5.302   5.508   5.518   5.506
1919.000   5.518   5.096   5.112   5.082   5.093
1920.000   5.150   4.955   5.278   5.375   5.424
1921.000   5.095   5.268   5.310   5.362   5.308
1922.000   5.276   5.232   5.240   5.276   5.282
1923.000   5.271   5.307   5.469   5.531   5.504
1924.000   5.189   5.258   5.393   5.394   5.341
1925.000   5.000   4.965   5.159   5.146   5.219
1926.000   5.540   5.272   5.386   5.429   5.438
1927.000   5.214   5.160   5.301   5.336   5.269
1928.000   5.322   5.180   5.335   5.395   5.411
1929.000   5.673   5.454   5.170   5.140   5.146
1930.000   5.179   4.892   5.260   5.312   5.288
1931.000   5.445   5.297   5.278   5.319   5.248
1932.000   5.617   5.542   5.286   5.263   5.260
1933.000   5.297   5.164   5.232   5.267   5.221
1934.000   5.127   5.083   5.206   5.244   5.215
1935.000   5.265   5.139   5.367   5.476   5.456
1936.000   5.557   5.402   5.399   5.409   5.392
1937.000   5.536   5.304   5.267   5.264   5.229
1938.000   5.257   5.384   5.102   5.115   5.099
1939.000   5.127   4.950   5.245   5.247   5.235
1940.000   5.343   5.104   5.271   5.324   5.324
1941.000   5.276   5.121   5.219   5.206   5.278
1942.000   5.241   5.182   5.510   5.562   5.566
1943.000   5.495   5.472   5.411   5.291   5.257
1944.000   5.056   4.991   5.340   5.408   5.500
1945.000   5.006   5.051   5.297   5.288   5.380
1946.000   5.544   5.458   5.352   5.236   5.347
1947.000   5.542   5.586   5.320   5.234   5.227
1948.000   5.280   5.270   5.393   5.367   5.358
1949.000   5.335   5.335   5.120   5.092   5.105
1950.000   5.224   5.345   5.255   5.312   5.305
1951.000   5.153   5.377   5.255   5.332   5.345
1952.000   5.570   5.678   5.377   5.323   5.361
1953.000   5.410   5.375   5.339   5.292   5.269
1954.000   5.453   5.562   5.321   5.351   5.351
1955.000   5.399   5.775   5.415   5.414   5.306
1956.000   5.574   5.777   5.456   5.414   5.427
1957.000   5.609   5.708   5.373   5.397   5.319
1958.000   5.367   5.612   5.208   5.156   5.237
1959.000   5.094   5.050   5.245   5.236   5.226
1960.000   5.473   5.475   5.254   5.210   5.147
1961.000   5.257   5.275   5.195   5.117   5.135
1962.000   5.683   5.729   5.528   5.516   5.404
1963.000   5.117   5.183   5.367   5.399   5.426
1964.000   5.205   5.536   5.440   5.408   5.444
1965.000   5.482   5.146   5.196   5.182   5.170
1966.000   5.359   5.386   5.248   5.298   5.282
1967.000   5.480   5.420   5.269   5.322   5.337
1968.000   5.497   5.339   5.162   5.105   5.068
1969.000   5.593   5.506   5.278   5.221   5.238
1970.000   5.692   5.853   5.509   5.544   5.561
1971.000   5.578   5.598   5.344   5.353   5.408
1972.000   5.015   5.063   5.376   5.429   5.402
1973.000   5.325   5.375   5.363   5.416   5.409
1974.000   5.253   5.625   5.246   5.336   5.380
1975.000   5.447   5.652   5.292   5.343   5.334
1976.000   5.366   5.320   5.132   5.205   5.165
1977.000   5.398   5.256   5.197   5.217   5.282
1978.000   5.075   5.487   5.241   5.207   5.219
1979.000   5.367   5.219   5.154   5.154   5.145
1980.000   5.255   5.221   5.248   5.276   5.226
1981.000   5.280   5.316   5.207   5.198   5.193
1982.000   5.011   4.944   5.156   5.132   5.209
1983.000   5.325   5.136   5.273   5.287   5.231
1984.000   5.309   5.380   5.576   5.491   5.499
1985.000   5.307   5.334   5.402   5.368   5.353
1986.000   4.781   4.848   5.081   5.073   5.038
1987.000   5.235   5.082   5.253   5.260   5.240
1988.000   5.452   5.287   5.601   5.623   5.477
1989.000   5.543   5.676   5.433   5.368   5.346
1990.000   4.770   4.948   5.088   5.026   5.044
1991.000   5.096   5.108   5.329   5.286   5.275
1992.000   5.699   5.706   5.452   5.406   5.495
1993.000   5.212   5.019   5.158   5.119   5.191
1994.000   5.381   5.311   5.259   5.272   5.390
1995.000   5.161   5.230   5.183   5.207   5.131
1996.000   4.860   5.061   5.399   5.350   5.283
1997.000   5.158   4.946   5.110   5.181   5.300
1998.000   5.233   5.331   5.078   5.052   5.070
1999.000   4.755   4.955   5.226   5.192   5.252
2000.000   5.108   5.335   5.530   5.543   5.611
2001.000   5.311   5.314   5.236   5.173   5.165
2002.000   5.383   5.119   5.399   5.293   5.317
2003.000   5.577   5.438   5.334   5.313   5.263
2004.000   5.647   5.355   5.251   5.223   5.278
2005.000   5.731   5.578   5.586   5.581   5.539
2006.000   5.207   5.216   5.401   5.424   5.442
2007.000   4.977   5.219   5.348   5.334   5.327
2008.000   5.439   5.578   5.552   5.523   5.516
2009.000   5.297   5.254   5.402   5.403   5.352
2010.000   5.604   5.711   5.488   5.499   5.467
2011.000   5.165   5.374   5.514   5.547   5.562
2012.000   5.324   5.355   5.239   5.205   5.159
2013.000   5.029   5.114   5.238   5.258   5.144
2014.000   5.464   5.167   5.317   5.288   5.346
2015.000   5.056   4.777   4.921   4.971   4.965
2016.000   5.087   5.338   5.369   5.329   5.305
2017.000   4.852   5.023   5.038   5.018   5.041
2018.000   5.310   5.404   5.444   5.415   5.388
2019.000   5.346   5.339   5.379   5.378   5.432
2020.000   5.234   5.433   5.265   5.231   5.292
