 Year Ross_Amundsen MAM
1905.000   2.417   2.440   2.360   2.231   2.347   2.277   2.315   2.037
1906.000   2.168   2.260   2.253   2.209   2.254   2.069   2.226   2.164
1907.000   2.444   2.635   2.649   2.613   2.700   2.478   2.602   2.568
1908.000   2.039   2.552   2.457   2.359   2.500   2.124   2.223   2.369
1909.000   2.086   1.940   1.884   2.003   1.987   2.396   2.483   2.334
1910.000   2.348   2.775   2.730   2.774   2.756   2.592   2.668   2.604
1911.000   2.532   2.243   2.155   2.218   2.481   2.498   2.562   2.303
1912.000   2.238   1.922   1.993   1.824   1.995   2.100   2.185   2.063
1913.000   2.443   2.595   2.588   3.062   3.039   2.361   2.468   2.203
1914.000   2.279   2.331   2.250   2.194   2.351   2.269   2.250   2.315
1915.000   2.557   2.314   2.196   2.193   2.287   2.208   2.230   2.283
1916.000   2.455   2.721   2.603   3.242   3.287   2.446   2.410   2.449
1917.000   2.560   3.003   2.970   3.136   3.424   2.683   2.794   2.655
1918.000   2.332   2.623   2.618   2.360   2.633   2.543   2.625   2.396
1919.000   2.413   2.027   2.006   2.436   2.390   2.020   2.030   1.928
1920.000   2.547   2.623   2.685   2.861   2.760   2.381   2.523   2.215
1921.000   2.539   2.311   2.406   3.355   3.029   2.330   2.492   2.262
1922.000   1.995   2.371   2.333   2.741   2.839   2.216   2.320   2.411
1923.000   2.338   2.946   2.939   3.283   3.541   2.177   2.369   2.468
1924.000   2.759   2.618   2.591   2.385   2.845   2.419   2.428   2.565
1925.000   2.478   2.638   2.677   2.994   3.195   2.468   2.581   2.414
1926.000   2.088   2.444   2.428   2.259   2.361   2.024   2.001   2.171
1927.000   2.063   2.267   2.269   2.281   2.515   2.305   2.395   2.380
1928.000   2.516   2.573   2.466   2.500   2.659   2.410   2.362   2.347
1929.000   1.894   2.024   2.063   1.921   2.174   2.184   2.244   2.303
1930.000   2.515   2.585   2.529   2.374   2.363   2.288   2.414   2.284
1931.000   2.437   2.050   2.045   1.899   1.974   2.181   2.246   2.298
1932.000   2.106   1.924   1.890   1.851   1.872   2.092   2.129   2.151
1933.000   2.156   2.329   2.344   2.606   2.453   2.303   2.346   2.382
1934.000   2.221   2.358   2.374   2.669   2.499   2.477   2.536   2.325
1935.000   2.501   2.679   2.828   2.662   2.638   2.530   2.508   2.566
1936.000   2.040   2.282   2.367   1.955   1.898   2.303   2.444   2.391
1937.000   2.079   2.247   2.362   2.337   2.009   2.335   2.447   2.334
1938.000   2.204   2.519   2.430   2.721   2.632   2.485   2.467   2.505
1939.000   2.216   1.980   1.982   1.910   1.895   2.237   2.261   2.183
1940.000   2.204   2.187   2.276   2.334   2.309   2.131   2.213   2.243
1941.000   2.392   2.064   2.035   1.892   1.854   2.474   2.541   2.502
1942.000   2.018   2.074   2.033   2.049   2.001   2.166   2.197   2.302
1943.000   2.075   2.171   2.066   2.713   2.656   2.195   2.263   2.272
1944.000   2.640   2.635   2.666   2.622   2.616   2.544   2.541   2.435
1945.000   2.543   2.298   2.245   2.734   2.646   2.334   2.311   2.142
1946.000   2.256   1.914   1.874   1.857   1.820   2.351   2.352   2.311
1947.000   2.068   1.949   2.039   1.754   1.488   2.421   2.389   2.394
1948.000   2.647   2.188   2.194   2.236   2.301   2.630   2.606   2.390
1949.000   2.884   1.994   2.054   2.131   2.214   2.503   2.424   2.202
1950.000   2.627   1.884   1.839   2.194   1.957   2.413   2.418   2.192
1951.000   2.085   2.612   2.683   2.601   2.477   2.599   2.650   2.366
1952.000   2.604   2.333   2.316   2.290   2.200   2.308   2.249   2.328
1953.000   2.739   2.201   2.225   2.157   1.996   2.372   2.357   2.223
1954.000   2.424   1.891   1.858   1.841   1.744   2.281   2.259   2.333
1955.000   2.409   2.025   1.998   2.046   2.157   2.293   2.242   2.202
1956.000   2.278   1.938   2.016   1.820   1.805   2.419   2.318   2.366
1957.000   2.872   2.799   2.791   2.848   2.734   2.483   2.479   2.379
1958.000   2.478   2.011   1.870   2.043   1.965   2.072   2.010   2.151
1959.000   2.602   3.076   2.972   3.175   3.216   2.410   2.378   2.266
1960.000   2.445   2.583   2.584   2.561   2.645   2.281   2.280   2.224
1961.000   2.214   2.500   2.548   2.545   2.388   2.249   2.312   2.389
1962.000   2.251   2.740   2.750   2.605   2.525   2.404   2.459   2.616
1963.000   2.349   2.411   2.508   2.170   2.061   2.421   2.379   2.389
1964.000   2.421   2.341   2.334   2.270   2.383   2.242   2.242   2.338
1965.000   2.319   2.245   2.293   2.161   1.929   2.313   2.273   2.304
1966.000   2.214   2.620   2.691   2.534   2.517   2.392   2.442   2.331
1967.000   2.660   2.354   2.396   2.503   2.369   2.428   2.414   2.256
1968.000   2.121   2.471   2.425   3.106   2.997   2.314   2.234   2.315
1969.000   2.355   2.001   2.080   1.941   1.839   2.239   2.173   2.242
1970.000   2.246   2.517   2.580   2.270   2.253   2.261   2.219   2.373
1971.000   2.242   2.492   2.623   2.499   2.511   2.549   2.532   2.539
1972.000   2.347   2.130   2.218   2.095   1.877   2.529   2.568   2.201
1973.000   2.326   2.391   2.373   2.385   2.278   2.337   2.253   2.160
1974.000   2.410   2.428   2.505   2.254   2.205   2.494   2.516   2.505
1975.000   2.660   2.682   2.618   2.483   2.587   2.497   2.547   2.497
1976.000   2.150   1.993   1.995   1.909   1.713   2.364   2.386   2.345
1977.000   2.191   1.947   1.993   2.176   1.957   2.274   2.230   2.254
1978.000   2.581   2.233   2.265   2.339   2.413   2.369   2.337   2.356
1979.000   2.129   2.220   2.228   2.218   2.337   2.357   2.395   2.395
1980.000   1.997   1.666   1.693   1.416   1.449   2.002   2.023   1.983
1981.000   2.198   2.207   2.232   2.175   2.059   2.179   2.131   2.070
1982.000   2.698   2.610   2.672   2.605   2.601   2.360   2.394   2.348
1983.000   2.361   2.324   2.292   2.423   2.358   2.125   2.154   2.180
1984.000   2.440   2.344   2.319   2.253   2.314   2.610   2.588   2.290
1985.000   2.865   2.464   2.514   2.606   2.590   2.556   2.550   2.516
1986.000   2.646   2.513   2.481   2.358   2.261   2.463   2.411   2.495
1987.000   2.607   2.722   2.715   2.625   2.644   2.351   2.381   2.416
1988.000   2.561   2.730   2.733   2.609   2.625   2.668   2.674   2.609
1989.000   2.373   2.378   2.388   2.425   2.336   2.578   2.557   2.586
1990.000   2.338   2.516   2.512   2.274   2.474   2.550   2.499   2.507
1991.000   2.375   2.419   2.309   2.221   2.299   2.286   2.270   2.451
1992.000   2.133   1.881   1.919   1.711   1.773   2.203   2.227   2.284
1993.000   2.104   2.368   2.360   2.273   2.203   2.304   2.334   2.302
1994.000   2.411   2.441   2.516   2.340   2.286   2.465   2.502   2.551
1995.000   2.372   2.657   2.714   2.418   2.373   2.760   2.801   2.617
1996.000   2.865   2.796   2.783   2.638   2.815   2.702   2.683   2.628
1997.000   2.589   2.500   2.465   2.463   2.375   2.411   2.397   2.412
1998.000   2.426   2.414   2.402   2.653   2.599   2.482   2.367   2.612
1999.000   2.634   2.791   2.755   2.748   2.807   2.856   2.782   2.763
2000.000   2.759   2.583   2.597   2.570   2.594   2.634   2.608   2.530
2001.000   2.446   2.612   2.557   2.434   2.505   2.444   2.405   2.511
2002.000   2.620   2.553   2.498   2.362   2.506   2.480   2.469   2.368
2003.000   2.479   2.529   2.519   2.436   2.352   2.575   2.535   2.523
2004.000   2.495   2.300   2.283   2.221   2.289   2.298   2.273   2.652
2005.000   2.691   2.599   2.589   2.655   2.576   2.599   2.493   2.521
2006.000   2.394   2.653   2.652   2.542   2.544   2.465   2.374   2.578
2007.000   2.080   2.453   2.368   2.462   2.532   2.473   2.473   2.443
2008.000   2.847   2.874   2.843   2.882   2.960   2.842   2.776   2.587
2009.000   2.436   2.395   2.447   2.460   2.415   2.520   2.450   2.436
2010.000   2.171   2.549   2.650   2.325   2.265   2.480   2.360   2.572
2011.000   2.476   2.517   2.478   2.326   2.438   2.592   2.484   2.617
2012.000   2.273   2.522   2.546   2.580   2.523   2.274   2.221   2.319
2013.000   2.342   2.245   2.249   2.427   2.393   2.450   2.307   2.547
2014.000   2.302   2.487   2.466   2.476   2.459   2.316   2.236   2.466
2015.000   2.657   2.559   2.459   2.489   2.501   2.284   2.166   2.475
2016.000   2.301   2.269   2.200   2.103   2.151   2.221   2.002   2.381
2017.000   1.840   1.741   1.837   1.561   1.724   2.082   1.936   2.215
2018.000   2.097   2.510   2.554   2.428   2.378   2.312   2.216   2.757
2019.000   2.133   2.136   2.151   1.996   1.944   2.437   2.270   2.610
2020.000   2.565   2.500   2.529   2.276   2.214   2.411   2.273   2.634
