 Year Ross_Amundsen JJA
1905.000   3.931   4.207   4.207   4.707   4.581   4.626   4.670   4.781   4.275   4.357   4.594   4.293   4.367   4.625   5.126   3.997   5.305   4.449   4.553   3.968   4.035   3.861   4.211   4.233   4.153
1906.000   3.927   4.107   4.019   3.998   4.063   3.950   3.889   4.163   4.196   4.176   4.196   4.147   4.239   4.205   3.546   4.081   3.239   3.923   3.942   4.086   4.070   4.187   3.823   3.821   4.092
1907.000   4.322   4.797   4.670   4.802   4.690   4.781   4.658   4.753   4.550   4.781   4.963   4.649   4.725   4.856   4.083   4.375   4.231   4.987   5.008   4.516   4.459   4.345   4.611   4.486   4.749
1908.000   4.357   4.644   4.530   4.516   4.340   4.500   4.591   4.632   4.701   4.684   4.578   4.477   4.421   4.534   4.660   4.455   5.035   4.824   4.550   4.402   4.423   4.327   4.311   4.426   4.957
1909.000   4.465   4.362   4.447   4.385   4.343   4.451   4.460   4.474   4.498   4.628   4.482   4.417   4.606   4.522   4.832   4.581   5.451   4.968   4.614   4.430   4.320   4.076   4.345   4.157   4.533
1910.000   4.425   4.206   4.252   4.560   4.595   4.559   4.222   4.568   4.140   4.393   4.660   4.673   4.745   4.535   4.725   4.701   5.170   4.492   4.478   4.695   4.535   4.373   4.741   4.752   4.990
1911.000   4.637   4.925   4.886   5.051   4.872   5.077   5.407   5.207   5.176   5.216   5.270   4.864   4.832   5.206   4.847   4.498   5.773   4.773   4.797   4.591   4.381   4.512   4.451   4.572   4.406
1912.000   4.050   4.337   4.216   4.334   4.285   4.371   4.192   4.134   3.953   4.135   4.226   4.249   4.127   4.154   4.227   3.985   4.812   4.111   4.295   4.097   3.991   4.049   4.018   3.985   4.441
1913.000   4.280   4.332   4.151   4.277   4.257   4.290   4.396   4.448   4.369   4.489   4.432   4.303   4.217   4.386   4.225   4.156   4.508   4.229   4.194   4.279   4.184   4.205   4.144   4.203   4.370
1914.000   3.952   3.894   3.847   3.972   4.004   3.902   3.944   4.158   4.026   4.025   4.090   3.955   4.023   4.138   4.385   4.074   4.311   4.210   4.072   4.128   4.172   4.308   3.853   3.995   4.064
1915.000   3.718   4.032   3.982   4.055   4.071   4.081   3.680   3.780   4.569   4.454   4.308   4.058   3.992   4.012   4.071   3.934   4.504   3.921   3.951   3.964   3.703   3.731   3.701   3.728   4.162
1916.000   4.450   4.573   4.588   4.656   4.644   4.624   4.504   4.389   4.836   4.841   4.858   4.601   4.758   4.818   4.303   4.560   4.520   4.282   4.397   4.441   4.133   4.568   4.034   4.405   4.688
1917.000   4.911   5.178   4.882   5.123   5.036   5.220   5.119   5.238   4.968   5.268   5.338   5.201   5.121   5.345   4.159   4.986   3.908   5.074   4.922   5.018   4.842   4.704   4.949   4.895   4.358
1918.000   4.205   4.513   4.291   4.431   4.498   4.544   4.371   4.616   4.361   4.365   4.594   4.447   4.380   4.507   4.170   4.258   4.250   4.341   4.508   4.349   4.332   4.364   4.367   4.343   3.452
1919.000   3.918   4.165   3.917   4.060   4.027   4.019   3.994   3.981   4.063   3.906   3.831   3.957   3.842   3.879   4.217   4.013   4.166   4.256   4.246   4.119   3.986   3.977   3.882   4.089   3.985
1920.000   4.335   4.812   4.506   4.561   4.548   4.530   4.433   4.281   4.650   4.484   4.481   4.490   4.352   4.601   4.364   4.161   4.181   4.252   4.232   4.296   4.116   4.340   4.197   4.444   4.749
1921.000   4.176   4.405   4.282   4.385   4.415   4.512   4.231   4.228   3.823   4.037   4.264   4.537   4.466   4.342   3.993   4.343   3.785   4.212   4.378   4.407   4.203   4.327   4.267   4.317   4.422
1922.000   4.248   4.457   4.470   4.484   4.418   4.366   4.354   4.432   4.771   4.572   4.546   4.248   4.347   4.371   4.144   4.323   3.900   3.859   3.916   4.541   4.238   4.125   4.154   4.187   3.646
1923.000   4.193   4.200   4.181   4.411   4.445   4.470   4.358   4.423   4.074   4.091   4.387   4.378   4.460   4.524   4.543   4.301   4.494   4.310   4.326   4.271   4.436   4.548   4.361   4.291   4.650
1924.000   4.434   4.728   4.606   4.541   4.496   4.680   4.439   4.398   4.895   4.828   4.861   4.506   4.474   4.704   4.884   4.428   4.898   3.951   4.002   4.443   4.216   4.466   4.116   4.282   4.121
1925.000   4.247   4.826   4.793   4.811   4.741   4.818   4.844   4.761   4.611   4.616   4.701   4.535   4.592   4.675   4.343   4.417   4.848   4.584   4.524   4.433   4.364   4.445   4.393   4.504   4.394
1926.000   4.206   4.266   4.271   4.358   4.394   4.357   4.227   4.490   4.378   4.373   4.330   4.164   4.436   4.396   4.038   4.094   3.574   4.429   4.447   4.147   4.316   4.135   4.201   4.032   4.387
1927.000   4.362   4.526   4.536   4.515   4.541   4.597   4.508   4.590   4.377   4.510   4.618   4.432   4.458   4.584   4.531   4.361   4.313   4.100   4.275   4.368   4.349   4.464   4.282   4.445   4.236
1928.000   4.095   4.472   4.312   4.412   4.377   4.437   4.318   4.361   4.545   4.676   4.680   3.994   4.299   4.391   3.825   4.086   3.955   4.097   4.252   4.179   3.877   4.116   3.711   3.883   3.610
1929.000   4.415   4.478   4.548   4.531   4.416   4.529   4.563   4.609   4.237   4.509   4.512   4.133   4.366   4.324   4.275   4.347   4.549   4.369   4.454   4.303   4.116   4.112   4.308   4.564   4.484
1930.000   4.277   4.266   3.977   4.137   4.160   4.130   3.842   4.141   3.518   3.892   4.069   4.114   4.139   3.928   3.062   3.924   2.746   3.949   4.030   4.130   4.002   4.306   3.953   3.823   3.374
1931.000   4.294   4.628   4.376   4.647   4.702   4.705   4.220   4.482   4.587   4.751   4.552   4.597   4.610   4.735   4.521   4.447   3.392   4.929   5.121   4.479   4.803   4.807   4.609   4.542   4.922
1932.000   4.201   4.171   4.152   4.128   4.048   4.113   4.035   4.126   3.701   3.766   4.041   3.983   4.046   4.001   3.790   4.007   4.271   4.253   4.032   4.162   4.031   3.935   4.045   4.018   3.826
1933.000   4.453   4.581   4.502   4.470   4.430   4.473   4.691   4.452   4.468   4.517   4.709   4.545   4.377   4.564   4.790   4.526   5.892   4.619   4.534   4.654   4.454   4.442   4.443   4.396   4.053
1934.000   4.310   4.535   4.282   4.456   4.482   4.475   4.341   4.411   4.573   4.650   4.480   4.247   4.275   4.434   4.627   4.235   4.939   4.564   4.399   4.278   4.331   4.131   4.381   4.251   4.452
1935.000   4.290   4.416   4.484   4.320   4.350   4.317   4.338   4.514   4.134   4.303   4.282   4.210   4.316   4.215   4.191   4.282   3.860   3.958   4.186   4.200   4.164   4.171   4.064   4.358   4.100
1936.000   4.205   4.649   4.433   4.440   4.465   4.452   4.261   4.259   4.589   4.484   4.291   4.133   4.029   4.133   4.090   3.932   4.081   4.529   4.505   4.059   4.153   4.052   3.883   3.813   3.853
1937.000   4.544   4.526   4.479   4.467   4.554   4.419   4.539   4.574   4.359   4.378   4.433   4.491   4.407   4.436   4.931   4.394   4.996   4.384   4.493   4.492   4.522   4.317   4.490   4.544   4.370
1938.000   4.323   4.369   4.451   4.365   4.296   4.406   4.245   4.285   4.408   4.271   4.473   4.270   4.218   4.354   4.753   4.456   4.887   4.131   4.090   4.553   4.348   4.323   4.453   4.511   4.806
1939.000   4.109   4.065   4.204   4.204   4.092   4.268   4.255   4.428   3.738   4.000   4.104   3.996   4.091   4.071   4.112   4.071   3.978   4.198   4.260   4.045   4.068   4.026   4.162   4.380   4.778
1940.000   3.920   4.451   4.318   4.300   4.296   4.235   4.248   4.287   4.427   4.333   4.044   4.014   4.038   4.120   4.327   4.010   4.232   4.279   4.339   4.066   4.120   4.093   3.986   4.072   4.052
1941.000   4.152   4.339   4.245   4.123   4.196   4.150   4.133   4.222   4.107   4.161   4.095   3.995   3.953   3.948   4.456   4.102   4.501   4.234   4.327   4.019   4.236   4.125   4.191   4.363   4.370
1942.000   4.406   4.380   4.439   4.382   4.548   4.472   4.379   4.280   4.452   4.455   4.417   4.450   4.474   4.346   4.490   4.403   4.846   4.547   4.531   4.364   4.463   4.476   4.616   4.344   4.299
1943.000   4.535   4.768   4.434   4.465   4.475   4.503   4.753   4.625   4.923   4.931   4.498   4.466   4.470   4.604   5.139   4.483   4.600   4.182   4.202   4.404   4.625   4.531   4.419   4.354   4.361
1944.000   4.411   4.565   4.358   4.456   4.441   4.468   4.509   4.458   4.320   4.331   4.402   4.536   4.502   4.381   4.690   4.473   4.978   4.647   4.457   4.484   4.587   4.612   4.748   4.647   4.543
1945.000   4.412   4.095   4.023   3.965   4.146   4.020   4.014   4.129   4.084   4.239   4.304   4.306   4.368   4.155   4.130   4.165   3.749   3.507   4.005   4.232   4.088   4.413   4.076   4.207   3.800
1946.000   4.530   4.453   4.522   4.594   4.507   4.514   4.780   4.609   4.443   4.445   4.170   4.187   4.402   4.153   4.119   4.353   3.913   4.368   4.279   4.103   4.254   4.310   4.305   4.152   3.371
1947.000   4.378   4.315   4.457   4.513   4.403   4.506   4.604   4.563   4.338   4.430   4.362   4.386   4.475   4.437   4.467   4.417   4.097   4.381   4.174   4.218   4.234   4.404   4.096   4.080   3.687
1948.000   4.446   4.489   4.283   4.430   4.404   4.322   4.428   4.327   4.372   4.550   4.491   4.336   4.456   4.276   4.429   4.351   4.499   4.369   4.610   4.408   4.218   4.208   4.367   4.655   4.487
1949.000   4.374   4.479   4.567   4.537   4.461   4.489   4.560   4.462   4.542   4.592   4.311   4.217   4.140   4.135   4.518   4.271   4.803   4.257   4.473   4.228   4.067   4.269   4.005   3.922   3.150
1950.000   4.618   3.927   4.013   4.038   4.137   4.142   3.853   3.793   3.922   3.802   4.068   4.209   4.129   4.065   4.283   4.377   4.118   3.743   3.852   4.577   4.126   4.449   4.418   4.917   4.929
1951.000   4.564   4.457   4.214   4.364   4.285   4.313   4.530   4.370   4.799   4.760   4.429   4.700   4.486   4.428   4.553   4.371   4.404   4.511   4.474   4.515   4.660   4.555   4.406   4.241   3.923
1952.000   4.424   4.364   4.211   4.431   4.477   4.356   4.454   4.379   5.010   4.804   4.578   4.644   4.584   4.602   4.405   4.308   4.142   4.322   4.563   4.504   4.445   4.725   4.480   4.357   4.439
1953.000   4.200   4.065   4.082   4.209   4.151   4.154   4.231   4.122   4.330   4.219   4.126   4.294   4.268   4.202   4.338   4.268   4.392   4.225   4.461   4.348   4.194   4.388   4.208   4.406   4.515
1954.000   4.193   3.897   4.142   4.124   4.031   4.117   3.900   4.005   4.197   3.985   3.856   4.264   4.262   4.081   3.897   4.223   3.718   4.059   4.273   4.335   4.180   4.258   4.266   4.556   4.623
1955.000   4.370   4.026   4.194   4.102   4.010   4.113   4.029   3.923   4.041   3.763   3.920   4.353   4.194   4.074   4.219   4.526   4.701   4.014   4.002   4.584   4.286   4.518   4.364   4.663   4.596
1956.000   4.633   4.675   4.757   4.911   4.841   4.888   4.894   4.693   5.094   4.898   4.757   4.834   4.748   4.799   4.913   4.743   4.695   4.881   4.844   4.818   4.889   4.939   4.685   4.638   4.240
1957.000   4.285   4.099   4.103   4.155   4.192   4.110   4.238   4.303   4.368   4.233   4.338   4.671   4.479   4.542   4.131   4.249   3.294   4.116   4.397   4.407   4.585   4.589   4.597   4.498   5.367
1958.000   3.826   3.477   3.531   3.520   3.573   3.608   3.500   3.641   3.576   3.474   3.490   3.840   3.910   3.621   3.610   3.883   2.337   3.669   3.926   3.986   3.959   4.266   3.722   3.910   4.029
1959.000   3.978   3.863   3.891   3.827   3.885   3.839   3.597   3.724   3.625   3.376   3.528   3.930   3.666   3.446   3.688   3.867   4.078   3.380   3.676   4.163   3.853   3.819   3.739   3.874   3.914
1960.000   4.190   4.247   4.327   4.254   4.292   4.195   4.344   4.363   4.533   4.389   4.155   4.362   4.347   4.206   4.749   4.482   4.164   4.448   4.370   4.426   4.515   4.513   4.436   4.501   4.676
1961.000   4.129   4.070   4.098   3.813   3.898   3.831   3.764   3.963   3.983   3.686   3.703   3.970   3.964   3.938   3.896   4.246   3.895   4.221   4.002   4.212   4.259   4.205   4.511   4.473   4.710
1962.000   4.598   4.499   4.905   4.686   4.665   4.740   4.855   4.615   4.755   4.604   4.513   4.581   4.565   4.700   4.585   4.681   4.893   5.277   4.851   4.661   4.567   4.662   4.728   4.787   4.823
1963.000   4.271   3.996   4.266   4.197   4.304   4.178   4.071   4.163   3.802   3.766   3.944   4.113   4.277   4.121   4.098   4.364   3.964   3.968   4.016   4.430   4.418   4.481   4.404   4.556   4.559
1964.000   4.021   4.127   4.196   4.270   4.274   4.376   4.280   4.325   4.363   4.397   4.324   4.290   4.400   4.255   4.071   4.464   4.212   4.596   4.520   4.415   4.435   4.461   4.345   4.312   4.357
1965.000   4.021   3.900   3.916   3.961   4.004   3.892   3.888   3.932   3.395   3.429   3.656   4.041   3.948   3.817   3.860   4.134   3.879   3.986   3.989   4.225   4.362   4.086   4.275   4.267   4.193
1966.000   4.098   3.836   3.760   3.746   3.830   3.776   3.740   3.609   3.542   3.558   3.878   4.040   3.932   3.725   3.713   4.023   3.896   3.927   3.875   4.154   4.031   3.890   4.208   4.233   3.880
1967.000   4.333   4.265   4.340   4.278   4.381   4.261   3.984   3.976   3.923   3.832   4.223   4.293   4.265   4.157   4.230   4.217   4.540   3.894   3.947   4.414   4.354   4.142   4.269   4.096   4.183
1968.000   4.525   4.295   4.386   4.501   4.516   4.615   4.699   4.643   4.575   4.723   4.697   4.689   4.783   4.824   4.851   4.589   4.969   4.835   4.599   4.571   4.699   4.507   4.910   4.798   5.220
1969.000   4.025   3.869   3.915   3.911   4.011   3.982   3.832   3.722   3.794   3.771   3.989   4.163   3.995   3.965   3.957   3.937   3.747   3.712   3.925   4.164   4.090   4.217   4.114   4.140   3.946
1970.000   4.312   4.213   4.271   4.104   4.219   4.060   4.177   3.978   4.424   4.225   4.133   4.161   4.115   4.150   4.672   4.381   4.656   4.428   4.374   4.279   4.195   4.336   4.284   4.203   3.752
1971.000   4.431   4.515   4.565   4.564   4.651   4.593   4.684   4.633   4.841   4.654   4.717   4.676   4.679   4.594   4.722   4.636   4.926   4.558   4.440   4.698   4.569   4.546   4.485   4.365   4.090
1972.000   4.017   3.950   3.870   3.976   3.867   3.904   4.005   3.909   3.603   3.401   3.651   3.889   3.853   3.653   3.626   3.891   3.658   3.768   3.970   4.051   4.000   4.108   4.216   4.168   3.959
1973.000   4.089   3.720   3.766   3.872   3.960   3.897   3.741   3.695   3.481   3.369   3.814   4.160   4.113   3.861   3.529   4.123   3.412   3.807   3.902   4.278   4.061   4.365   4.191   4.160   3.988
1974.000   4.292   4.061   4.196   4.260   4.230   4.273   4.284   4.385   4.087   4.229   4.204   4.218   4.377   4.149   4.314   4.517   4.062   4.118   4.254   4.469   4.301   4.430   4.261   4.533   4.486
1975.000   4.397   3.959   3.972   3.768   3.789   3.938   3.919   3.828   3.872   3.859   4.119   4.142   4.075   3.910   3.943   4.314   3.831   3.934   3.835   4.394   4.168   4.396   4.257   4.438   4.141
1976.000   4.239   4.268   4.317   4.246   4.203   4.355   4.496   4.466   4.102   4.155   4.330   4.481   4.388   4.323   4.256   4.417   4.533   4.538   4.491   4.388   4.565   4.358   4.531   4.382   4.362
1977.000   4.283   4.038   4.158   4.106   4.139   3.947   4.202   4.170   3.999   4.003   3.866   4.119   4.180   3.970   4.441   4.292   4.671   4.158   4.127   4.214   4.372   4.216   4.222   4.170   4.231
1978.000   4.594   4.372   4.402   4.446   4.499   4.400   4.571   4.553   4.600   4.690   4.535   4.372   4.478   4.664   4.761   4.401   4.264   4.667   4.578   4.327   4.543   4.726   4.422   4.426   4.504
1979.000   4.529   4.416   4.520   4.586   4.557   4.586   4.634   4.652   4.522   4.496   4.618   4.639   4.564   4.577   4.371   4.438   4.458   4.597   4.639   4.419   4.524   4.401   4.604   4.569   4.557
1980.000   3.718   3.594   3.747   3.655   3.710   3.715   3.605   3.492   3.376   3.370   3.444   3.666   3.483   3.429   3.482   3.767   3.459   3.423   3.528   3.756   3.599   3.688   3.509   3.680   3.538
1981.000   4.334   4.132   4.230   4.121   4.201   4.166   4.167   4.206   4.297   4.309   4.159   4.297   4.029   4.091   4.254   4.285   4.238   4.366   4.295   4.170   4.258   4.200   4.393   4.336   4.257
1982.000   4.284   4.391   4.233   4.261   4.228   4.087   4.317   4.255   4.235   4.261   4.271   4.299   4.246   4.231   4.455   4.219   4.353   4.250   4.381   4.338   4.426   4.307   4.289   4.226   4.256
1983.000   4.089   4.246   4.040   4.065   4.093   4.122   4.040   4.011   4.294   4.273   4.300   4.128   3.970   4.257   4.395   4.153   4.330   4.328   4.268   4.199   4.304   4.146   4.180   4.097   4.319
1984.000   4.462   4.317   4.422   4.433   4.451   4.486   4.478   4.478   4.540   4.502   4.456   4.349   4.379   4.559   4.465   4.292   4.492   4.538   4.540   4.265   4.363   4.480   4.401   4.389   4.494
1985.000   4.342   4.320   4.564   4.382   4.391   4.465   4.531   4.424   4.534   4.459   4.436   4.355   4.413   4.425   4.176   4.399   4.245   4.330   4.325   4.339   4.394   4.368   4.288   4.449   4.256
1986.000   4.123   3.875   3.911   3.764   3.870   3.920   3.918   3.810   4.005   3.847   3.861   3.964   3.923   3.951   3.770   4.106   3.725   3.895   3.881   3.980   4.017   4.062   4.117   4.247   4.084
1987.000   4.097   4.270   4.259   4.246   4.234   4.166   4.216   4.150   4.329   4.252   4.152   4.245   4.202   4.186   4.225   4.058   3.833   4.033   3.875   3.928   4.199   4.193   4.191   4.033   4.125
1988.000   4.472   4.592   4.679   4.678   4.744   4.799   4.731   4.693   4.556   4.434   4.473   4.574   4.616   4.484   4.547   4.586   4.604   4.501   4.445   4.375   4.535   4.418   4.501   4.390   4.301
1989.000   4.739   4.527   4.658   4.518   4.597   4.510   4.554   4.597   4.381   4.380   4.585   4.547   4.647   4.620   4.695   4.749   4.475   4.575   4.739   4.751   4.763   4.626   4.762   4.718   4.551
1990.000   4.373   4.480   4.502   4.444   4.387   4.465   4.535   4.353   4.513   4.459   4.527   4.393   4.310   4.380   4.368   4.443   4.418   4.568   4.543   4.421   4.376   4.359   4.408   4.595   4.597
1991.000   4.201   4.065   4.068   4.178   4.061   4.158   4.058   4.011   3.960   3.936   3.994   3.959   4.083   4.038   4.003   4.060   3.903   4.102   4.047   4.130   4.033   3.925   4.150   4.162   4.199
1992.000   3.988   3.863   4.010   3.986   4.001   4.019   4.006   4.068   3.926   3.948   3.886   3.918   3.885   4.039   3.920   4.018   3.759   3.909   3.886   3.876   4.074   3.945   4.022   3.836   4.043
1993.000   4.206   4.121   4.349   4.145   4.197   4.175   4.182   4.182   4.167   4.184   4.094   4.162   4.070   4.160   4.169   4.278   4.317   4.228   4.248   4.313   4.310   4.066   4.236   4.297   4.190
1994.000   4.203   4.274   4.286   4.141   4.116   4.132   4.419   4.277   4.345   4.260   4.145   4.160   4.127   4.265   4.136   4.185   4.150   4.272   4.109   4.110   4.142   4.115   4.226   4.296   4.373
1995.000   4.278   4.013   4.159   3.983   4.054   3.917   4.032   4.051   4.115   4.148   4.010   3.972   4.200   3.893   4.199   4.329   3.961   3.906   3.959   4.041   4.183   4.166   3.984   4.070   4.071
1996.000   4.745   4.753   4.734   4.625   4.643   4.653   4.689   4.603   4.647   4.850   4.733   4.595   4.618   4.677   4.564   4.662   4.718   4.778   4.677   4.540   4.832   4.733   4.708   4.486   4.667
1997.000   4.414   4.237   4.345   4.145   4.093   4.082   4.316   4.226   4.254   4.301   4.203   4.260   4.217   4.234   4.646   4.369   4.339   4.104   4.073   4.161   4.164   3.997   4.242   4.252   4.456
1998.000   4.803   4.548   4.550   4.514   4.499   4.415   4.512   4.566   4.710   4.640   4.541   4.625   4.523   4.646   4.670   4.589   4.775   4.812   4.618   4.557   4.463   4.288   4.680   4.395   4.803
1999.000   4.977   5.076   4.866   4.842   4.823   4.769   4.966   4.967   4.849   4.988   4.979   5.004   4.953   4.935   4.971   4.935   5.066   4.990   4.966   4.919   4.923   4.775   4.945   4.817   4.753
2000.000   4.610   4.703   4.851   4.807   4.686   4.692   4.821   4.815   4.763   4.752   4.607   4.553   4.653   4.769   4.746   4.837   4.804   4.792   4.759   4.715   4.595   4.573   4.735   4.717   4.693
2001.000   4.656   4.420   4.535   4.373   4.407   4.358   4.493   4.368   4.444   4.431   4.448   4.459   4.327   4.470   4.450   4.315   4.445   4.349   4.233   4.396   4.472   4.525   4.593   4.426   4.445
2002.000   4.278   4.266   4.342   4.262   4.250   4.183   4.351   4.323   4.464   4.342   4.327   4.318   4.313   4.252   4.344   4.324   4.398   4.306   4.306   4.219   4.299   4.228   4.441   4.392   4.461
2003.000   4.621   4.583   4.428   4.625   4.572   4.583   4.661   4.566   4.434   4.496   4.510   4.356   4.557   4.564   4.390   4.347   4.336   4.516   4.374   4.245   4.202   4.388   4.342   4.248   4.375
2004.000   4.446   4.321   4.311   4.368   4.438   4.287   4.288   4.328   4.292   4.456   4.209   4.307   4.327   4.242   4.404   4.526   4.293   4.402   4.385   4.409   4.524   4.511   4.468   4.342   4.465
2005.000   4.198   4.247   4.356   4.109   4.109   4.101   4.194   4.178   4.252   4.207   4.207   4.400   4.449   4.273   4.480   4.454   4.365   4.438   4.367   4.399   4.331   4.387   4.376   4.306   4.543
2006.000   4.596   4.603   4.661   4.497   4.439   4.398   4.412   4.524   4.346   4.365   4.291   4.399   4.509   4.353   4.323   4.395   4.311   4.385   4.473   4.425   4.549   4.412   4.678   4.605   4.404
2007.000   4.443   4.563   4.580   4.546   4.511   4.507   4.431   4.489   4.603   4.646   4.676   4.572   4.533   4.595   4.424   4.657   4.562   4.653   4.549   4.492   4.658   4.577   4.565   4.337   4.570
2008.000   4.853   4.705   4.624   4.558   4.544   4.587   4.744   4.772   4.758   4.734   4.684   4.725   4.634   4.663   4.767   4.750   4.788   4.745   4.749   4.632   4.693   4.819   4.774   4.728   4.692
2009.000   4.720   4.696   4.603   4.734   4.656   4.588   4.702   4.546   4.724   4.782   4.610   4.726   4.663   4.741   4.651   4.538   4.787   4.768   4.730   4.473   4.654   4.483   4.684   4.580   4.701
2010.000   4.834   4.669   4.892   4.681   4.736   4.659   4.703   4.541   4.855   4.679   4.628   4.594   4.575   4.717   5.008   4.690   5.116   4.997   4.920   4.576   4.663   4.568   4.745   4.636   4.902
2011.000   4.793   4.825   4.875   4.739   4.686   4.776   4.764   4.833   4.818   4.733   4.813   4.668   4.726   4.839   4.769   4.907   4.672   4.706   4.688   4.772   4.926   4.873   4.783   4.713   4.574
2012.000   4.449   4.429   4.465   4.298   4.283   4.252   4.434   4.415   4.525   4.568   4.391   4.352   4.444   4.422   4.512   4.563   4.518   4.486   4.469   4.459   4.644   4.495   4.538   4.227   4.432
2013.000   4.931   4.801   4.827   4.816   4.880   4.821   4.643   4.671   4.808   4.837   4.829   4.698   4.726   4.817   4.741   4.781   4.936   5.005   4.932   4.672   4.661   4.784   4.660   4.740   4.829
2014.000   4.788   4.600   4.763   4.707   4.779   4.680   4.641   4.721   4.899   4.871   4.746   4.523   4.628   4.823   4.771   4.566   4.893   4.904   4.795   4.531   4.640   4.670   4.833   4.752   4.719
2015.000   4.531   4.332   4.293   4.173   4.206   4.138   4.322   4.350   4.482   4.463   4.353   4.243   4.374   4.362   4.414   4.345   4.422   4.616   4.556   4.201   4.526   4.410   4.696   4.529   4.726
2016.000   4.499   4.470   4.408   4.389   4.389   4.449   4.418   4.436   4.424   4.473   4.385   4.517   4.463   4.348   4.477   4.449   4.497   4.537   4.407   4.354   4.631   4.342   4.586   4.324   4.574
2017.000   4.234   4.249   4.339   4.273   4.203   4.255   4.288   4.246   4.250   4.234   4.158   4.198   4.251   4.221   4.295   4.473   4.233   4.189   4.072   4.355   4.428   4.369   4.316   4.323   4.299
2018.000   4.693   4.642   4.697   4.485   4.414   4.394   4.621   4.561   4.665   4.665   4.495   4.523   4.559   4.646   4.410   4.561   4.530   4.618   4.556   4.428   4.700   4.610   4.587   4.439   4.387
2019.000   4.282   4.290   4.166   4.177   4.175   4.233   4.211   4.184   4.238   4.249   4.145   4.261   4.126   4.169   4.069   4.211   4.093   4.279   4.065   4.029   4.348   4.214   4.355   4.196   4.353
2020.000   4.305   4.395   4.665   4.654   4.774   4.630   4.600   4.605   4.595   4.733   4.711   4.773   4.770   4.694   4.571   4.606   4.352   4.708   4.622   4.534   4.684   4.698   4.689   4.518   4.529
