 Year Ross_Amundsen DJF
1905.000   1.467   1.826   1.711   1.391   1.587   1.688   1.795   1.826   2.034   1.823   1.197   1.622   1.410   1.528   1.439   1.431   1.615   0.957   0.937   1.765   1.062   1.151   1.325   1.593   1.663   1.650   1.591   1.603   1.837
1906.000   1.942   2.237   2.034   2.068   2.099   2.387   2.366   2.438   2.499   2.378   1.949   1.900   1.962   1.985   2.016   1.910   2.077   2.672   2.738   1.865   2.594   2.643   2.505   1.741   1.731   1.829   1.766   1.816   1.870
1907.000   2.347   2.454   2.196   2.199   2.146   2.172   2.230   2.300   2.457   2.319   2.061   2.056   1.983   1.984   2.253   1.951   2.041   2.294   2.252   2.115   2.187   2.900   2.105   2.007   2.032   2.089   2.231   2.197   2.153
1908.000   2.012   2.071   2.019   1.861   1.994   1.927   1.945   2.041   2.128   1.849   1.605   1.869   2.010   2.122   2.090   1.968   1.925   2.530   2.603   2.069   2.428   2.352   2.387   1.657   2.106   1.995   1.880   1.899   2.065
1909.000   1.681   1.822   1.723   1.628   1.667   1.608   1.695   1.737   1.882   1.724   1.618   1.543   1.477   1.519   1.708   1.486   1.587   1.302   1.225   1.723   1.564   1.342   2.045   1.759   1.791   1.778   1.952   1.992   2.134
1910.000   2.082   1.809   1.754   1.850   1.913   2.004   1.906   2.026   2.153   1.951   1.836   1.472   1.435   1.550   1.502   1.602   1.664   2.710   2.530   1.876   3.206   1.886   3.516   2.017   1.897   1.944   2.022   2.227   2.248
1911.000   2.130   1.976   2.002   1.885   2.058   1.906   2.115   2.175   2.362   2.091   1.882   1.691   1.599   1.682   1.792   1.713   1.753   1.557   1.447   2.030   1.821   0.951   2.416   1.679   1.964   2.035   1.904   2.045   2.117
1912.000   1.511   1.450   1.383   1.458   1.441   1.555   1.392   1.469   1.615   1.504   1.572   1.377   1.196   1.109   1.233   1.317   1.312   1.333   1.370   1.409   0.739   1.592   0.874   1.383   1.408   1.394   1.451   1.489   1.448
1913.000   1.675   1.705   1.665   1.706   1.849   1.900   1.853   1.827   1.850   1.818   1.803   1.550   1.510   1.524   1.605   1.622   1.568   1.570   1.565   1.517   1.573   1.302   1.476   1.367   1.756   1.728   1.772   1.825   1.844
1914.000   1.735   1.702   1.550   1.545   1.598   1.921   1.545   1.731   1.810   1.807   1.536   1.525   1.366   1.385   1.332   1.506   1.529   2.394   2.469   1.604   2.297   2.559   2.330   1.644   1.743   1.870   1.908   1.746   1.784
1915.000   1.900   2.285   1.796   1.964   1.893   2.036   1.843   1.893   1.829   1.908   1.280   1.882   1.951   1.944   1.882   1.815   1.929   1.854   1.885   1.802   1.646   1.930   1.644   1.914   1.720   1.845   1.943   1.826   1.644
1916.000   1.768   1.404   1.738   1.666   1.646   1.610   1.471   1.561   1.623   1.580   2.024   1.422   1.423   1.363   1.657   1.469   1.405   2.804   2.864   1.715   2.896   2.393   2.435   1.728   1.810   1.805   1.737   2.037   2.084
1917.000   2.304   2.444   2.236   2.579   2.624   2.403   2.496   2.325   2.478   2.626   2.198   2.198   2.339   2.287   2.551   2.727   2.773   3.024   3.059   2.340   2.902   2.708   3.351   2.531   2.011   2.078   2.365   2.495   2.341
1918.000   2.134   2.006   2.127   1.909   1.985   1.890   1.940   1.917   2.039   1.902   1.980   1.873   1.828   1.889   1.971   1.930   2.000   2.688   2.687   2.233   1.986   2.353   2.117   1.814   2.094   2.093   1.889   2.003   2.041
1919.000   1.717   2.042   1.763   1.796   1.836   1.856   1.842   1.887   1.899   1.865   1.623   1.740   1.672   1.733   1.741   1.643   1.709   1.887   1.960   1.581   1.765   2.585   1.740   1.442   1.548   1.574   1.510   1.506   1.572
1920.000   1.815   1.920   1.953   1.922   1.896   2.009   1.876   1.916   1.939   1.933   1.766   1.473   1.676   1.684   1.735   1.820   1.927   1.984   1.997   1.798   1.315   1.234   1.898   1.781   1.751   1.793   1.636   1.820   1.905
1921.000   2.105   1.763   1.893   1.981   1.956   1.948   1.793   1.813   1.875   1.879   2.286   1.746   1.769   1.746   1.827   1.769   1.845   2.370   2.489   1.978   2.801   2.695   2.234   1.830   1.855   1.818   1.789   1.885   1.940
1922.000   2.187   1.952   1.884   2.080   1.913   1.929   1.709   1.852   1.991   1.924   1.738   1.675   1.544   1.588   1.834   1.604   1.660   2.141   2.128   2.025   1.772   1.838   2.200   2.248   1.929   1.999   1.905   1.979   1.972
1923.000   1.867   2.156   1.843   1.900   1.891   2.094   1.730   1.915   2.109   1.968   1.507   1.518   1.397   1.566   1.546   1.576   1.626   2.886   2.957   1.930   2.763   3.346   2.613   1.982   1.730   2.002   2.138   2.151   1.949
1924.000   1.961   2.270   1.929   2.226   2.308   2.455   2.188   2.261   2.208   2.157   2.165   2.075   2.205   2.291   2.148   2.309   2.269   2.760   2.827   2.119   2.298   2.538   2.525   1.947   1.949   2.054   1.992   1.988   1.816
1925.000   2.059   2.290   2.113   2.184   2.111   2.227   2.186   2.185   2.312   2.278   1.929   1.947   2.020   2.013   2.163   2.188   2.218   2.834   2.883   2.056   2.524   3.048   2.557   2.057   1.957   2.231   2.201   2.268   2.133
1926.000   1.644   1.699   1.634   1.767   1.741   1.843   1.725   1.765   1.723   1.687   1.885   1.517   1.641   1.663   1.635   1.681   1.665   2.014   2.089   1.618   1.952   2.196   1.963   1.517   1.704   1.711   1.555   1.636   1.546
1927.000   1.946   1.680   1.736   1.553   1.640   1.587   1.704   1.638   1.756   1.630   1.542   1.756   1.660   1.644   1.811   1.800   1.841   2.635   2.683   1.801   1.775   2.562   1.582   1.477   1.893   1.714   1.734   1.880   1.976
1928.000   2.389   2.583   2.133   2.465   2.477   2.359   2.293   2.244   2.203   2.299   2.146   2.202   2.307   2.356   2.377   2.385   2.399   2.761   2.775   2.289   2.024   2.415   2.258   2.202   2.066   2.077   2.156   1.979   2.089
1929.000   1.836   1.730   1.811   1.718   1.682   1.725   1.578   1.716   1.890   1.671   1.258   1.436   1.407   1.529   1.608   1.355   1.390   2.482   2.493   1.994   2.402   2.260   2.542   1.819   1.872   1.882   1.765   1.919   1.862
1930.000   1.856   1.999   1.686   1.768   1.729   1.540   1.705   1.545   1.678   1.676   1.036   1.642   1.363   1.518   1.450   1.538   1.662   1.706   1.728   1.808   1.467   2.716   1.656   1.660   1.570   1.459   1.592   1.649   1.616
1931.000   1.696   1.895   1.583   1.604   1.655   1.601   1.854   1.783   1.808   1.677   1.354   1.545   1.422   1.458   1.491   1.598   1.620   0.555   0.490   1.611   0.858   0.105   1.129   1.356   1.670   1.750   1.626   1.592   1.555
1932.000   1.490   1.676   1.763   1.640   1.665   1.641   1.544   1.583   1.499   1.448   1.636   1.604   1.800   1.860   1.779   1.788   1.750   1.654   1.662   1.743   1.579   1.686   1.617   1.821   1.783   1.770   1.785   1.841   1.874
1933.000   1.936   1.872   1.777   1.940   1.856   1.855   1.746   1.721   1.716   1.844   2.109   1.902   1.946   1.998   2.069   2.108   2.041   1.452   1.460   1.873   1.808   1.162   2.053   2.203   1.892   1.843   1.973   2.028   1.950
1934.000   1.884   2.056   2.015   2.155   2.169   1.951   2.069   1.863   1.835   2.027   2.272   2.261   2.263   2.212   2.135   2.359   2.377   1.677   1.700   1.939   1.865   2.132   1.836   2.053   1.948   1.779   1.935   1.939   2.088
1935.000   2.193   2.179   1.806   1.947   1.850   1.967   1.688   1.829   1.749   1.705   2.306   2.045   2.012   2.145   2.204   2.250   2.141   2.190   2.188   2.103   2.738   2.395   2.776   2.116   2.170   2.130   2.239   2.170   2.168
1936.000   1.840   1.557   1.742   1.414   1.309   1.367   1.424   1.562   1.647   1.489   1.508   1.482   1.403   1.481   1.668   1.446   1.597   2.125   2.065   1.956   1.542   2.537   1.548   1.846   1.974   1.794   1.935   1.863   2.073
1937.000   1.895   2.527   2.157   2.331   2.226   2.506   2.230   2.327   2.380   2.355   2.042   2.043   2.161   2.131   1.950   2.275   2.231   1.719   1.756   1.824   2.480   2.296   2.379   2.216   1.732   2.066   2.205   2.097   1.878
1938.000   1.967   1.842   1.911   2.059   2.009   1.885   1.734   1.735   1.794   1.792   2.072   2.040   2.029   2.030   2.123   2.077   2.041   1.946   1.892   1.999   2.062   1.569   2.404   2.149   2.079   2.058   2.121   2.147   2.184
1939.000   1.384   1.280   1.719   1.344   1.246   1.104   0.973   0.996   0.991   1.018   1.580   1.542   1.495   1.462   1.460   1.422   1.436   1.512   1.545   1.609   1.422   2.108   1.632   1.711   1.606   1.562   1.599   1.713   1.675
1940.000   1.694   1.684   1.596   1.532   1.606   1.730   1.711   1.651   1.601   1.635   1.616   1.856   1.845   1.899   1.756   1.874   1.890   1.850   1.883   1.807   2.375   2.061   2.260   1.865   1.821   1.775   1.722   1.760   1.687
1941.000   1.772   1.967   1.615   1.697   1.730   1.617   1.690   1.635   1.581   1.582   1.548   1.835   1.895   1.899   1.874   2.030   2.012   1.284   1.231   1.735   1.788   1.369   1.980   1.893   1.861   1.843   1.916   1.768   1.797
1942.000   1.422   1.260   1.457   1.163   1.187   1.247   1.035   1.087   1.091   1.038   1.221   1.248   1.312   1.374   1.340   1.238   1.348   1.483   1.456   1.561   1.111   1.051   1.564   1.378   1.606   1.619   1.569   1.575   1.672
1943.000   1.629   1.761   1.711   1.523   1.569   1.498   1.385   1.318   1.283   1.345   1.395   1.813   1.802   1.866   1.753   1.844   1.762   1.659   1.609   1.754   1.434   1.180   1.841   1.757   1.804   1.903   1.980   1.989   1.969
1944.000   2.098   2.325   2.054   2.323   2.408   2.243   2.415   2.249   2.251   2.305   1.954   2.122   2.214   2.240   2.179   2.383   2.358   1.527   1.498   2.013   1.793   1.272   1.937   2.062   1.994   2.070   2.150   2.045   2.069
1945.000   1.442   1.069   1.597   1.169   1.263   1.243   1.175   1.249   1.236   1.117   1.398   1.486   1.357   1.250   1.460   1.205   1.332   1.936   1.967   1.716   1.014   1.303   1.361   1.236   1.670   1.483   1.470   1.531   1.733
1946.000   1.677   1.531   1.794   1.671   1.600   1.551   1.480   1.498   1.490   1.402   1.384   1.367   1.477   1.453   1.532   1.449   1.465   1.178   1.071   1.586   1.324   0.700   1.470   1.507   1.677   1.777   1.745   1.855   1.794
1947.000   1.660   1.359   1.623   1.525   1.486   1.099   1.526   1.243   1.226   1.285   1.633   1.641   1.661   1.429   1.700   1.638   1.640   1.297   1.225   1.737   0.680   1.160   0.896   1.513   1.580   1.448   1.448   1.443   1.571
1948.000   2.031   2.195   2.090   2.114   2.173   2.030   2.126   2.000   1.989   1.958   2.314   2.127   2.212   2.198   2.276   2.362   2.303   2.080   2.130   2.058   2.733   2.452   2.127   1.793   2.092   2.096   1.931   1.865   1.863
1949.000   1.917   1.925   1.939   2.033   1.958   1.864   1.915   1.840   1.832   1.838   1.804   1.601   1.708   1.685   1.821   1.758   1.710   1.150   1.141   1.811   1.400   0.976   1.149   1.774   1.762   1.805   1.826   1.841   1.819
1950.000   1.931   2.044   2.018   2.160   2.035   2.008   1.864   1.858   1.767   1.910   2.395   2.170   2.165   2.178   2.216   2.106   1.830   1.576   1.588   1.919   1.752   1.342   2.043   2.349   1.789   1.837   1.875   2.032   1.893
1951.000   2.025   1.830   2.033   1.707   1.667   1.463   1.563   1.488   1.509   1.531   1.449   1.902   1.826   1.997   1.933   1.960   1.820   1.589   1.527   2.002   1.496   1.526   1.669   1.975   1.958   1.822   1.698   1.886   1.994
1952.000   1.418   1.729   1.646   1.490   1.416   1.525   1.583   1.741   1.635   1.695   1.401   1.775   1.638   1.667   1.605   1.582   1.638   0.931   0.800   1.553   0.766   0.806   1.217   1.851   1.491   1.564   1.691   1.694   1.687
1953.000   1.766   2.217   1.877   1.953   2.005   2.141   2.205   2.166   2.180   2.304   1.831   1.967   1.922   1.857   1.760   2.106   2.074   1.697   1.694   1.897   1.998   2.467   1.671   2.103   1.816   1.970   2.102   1.915   1.915
1954.000   1.754   1.912   1.981   2.050   2.023   1.989   1.763   1.888   1.821   1.844   1.968   1.729   1.877   1.889   1.842   1.819   1.720   1.437   1.373   1.923   1.585   1.098   1.834   1.894   1.856   1.950   1.801   1.858   1.811
1955.000   1.567   1.166   1.891   1.319   1.321   1.373   1.295   1.475   1.296   1.184   1.686   1.616   1.677   1.637   1.563   1.590   1.472   1.018   1.053   1.866   1.227   0.577   1.235   1.590   1.923   1.746   1.591   1.668   1.806
1956.000   2.161   1.638   2.022   1.967   1.905   1.720   2.036   2.023   2.095   1.982   2.323   2.092   2.049   2.006   2.143   2.045   1.787   1.380   1.292   2.170   1.676   0.903   1.476   2.137   2.100   1.957   1.878   1.944   1.991
1957.000   2.107   2.261   2.170   2.230   2.118   2.153   2.305   2.318   2.273   2.210   2.141   2.243   2.125   2.129   2.133   2.152   1.932   1.620   1.617   2.087   2.042   2.309   1.662   2.304   1.746   1.877   1.893   1.900   1.750
1958.000   1.410   1.588   1.680   1.657   1.659   1.560   1.557   1.557   1.561   1.501   1.452   1.641   1.664   1.661   1.592   1.552   1.479   0.869   0.846   1.635   0.914   0.855   1.039   1.530   1.635   1.626   1.463   1.487   1.476
1959.000   2.159   2.121   2.045   2.170   2.242   2.095   2.469   2.293   2.146   2.249   2.513   2.420   2.558   2.501   2.506   2.605   2.553   2.028   2.024   2.090   2.732   3.211   2.023   2.323   2.036   1.992   1.982   1.918   1.895
1960.000   1.953   1.930   1.801   1.657   1.814   1.684   1.923   1.731   1.752   1.810   1.396   2.145   2.074   2.124   2.058   2.147   2.139   0.600   0.545   1.792   1.117   0.801   1.279   1.765   1.934   1.793   1.649   1.770   1.891
1961.000   1.738   1.515   1.684   1.480   1.436   1.343   1.459   1.397   1.312   1.428   1.534   1.822   1.733   1.652   1.557   1.697   1.674   1.350   1.301   1.816   1.443   1.447   1.601   1.823   1.897   1.826   1.849   1.742   1.804
1962.000   2.096   1.797   1.997   1.879   1.895   1.719   1.697   1.649   1.575   1.689   2.224   2.154   2.257   2.242   2.049   2.097   1.961   1.719   1.673   2.014   1.927   1.016   1.865   1.935   2.202   2.046   1.935   1.979   2.015
1963.000   1.821   1.432   1.841   1.880   1.857   1.587   1.709   1.592   1.567   1.712   2.112   1.971   1.979   1.878   2.003   1.796   1.733   2.626   2.528   2.063   2.819   2.833   2.565   2.035   2.012   1.957   1.843   1.858   1.973
1964.000   1.700   1.595   1.527   1.312   1.153   1.437   1.296   1.479   1.184   1.267   1.696   1.791   1.724   1.745   1.578   1.699   1.513   1.820   1.791   1.545   1.708   1.884   1.969   1.847   1.714   1.673   1.756   1.692   1.654
1965.000   1.770   1.356   1.659   1.614   1.509   1.408   1.557   1.570   1.563   1.497   1.732   1.791   1.673   1.625   1.860   1.652   1.555   1.315   1.383   1.940   1.799   1.783   1.543   2.054   1.862   1.660   1.695   1.797   1.807
1966.000   2.099   1.674   1.600   1.508   1.307   1.603   1.577   1.728   1.648   1.657   1.472   1.692   1.618   1.715   1.887   1.701   1.684   1.800   1.735   1.906   1.881   1.594   1.873   2.015   1.812   1.693   1.600   1.695   1.735
1967.000   2.047   1.834   1.798   1.695   1.649   1.876   1.979   2.007   1.943   1.929   1.725   1.965   1.911   1.933   1.799   1.982   1.935   2.112   2.149   1.893   2.063   2.269   1.977   1.946   1.849   1.714   1.813   1.792   1.716
1968.000   1.964   1.688   1.790   1.751   1.577   1.693   1.575   1.649   1.485   1.576   1.528   1.623   1.634   1.656   1.762   1.674   1.638   1.938   1.991   1.789   1.694   2.251   1.828   1.924   1.704   1.676   1.705   1.808   1.833
1969.000   1.891   1.290   1.560   1.607   1.573   1.478   1.763   1.706   1.714   1.656   1.765   1.745   1.623   1.462   1.602   1.480   1.404   1.443   1.414   1.802   1.693   2.130   1.067   1.769   1.743   1.631   1.537   1.572   1.499
1970.000   1.807   1.882   1.837   2.093   2.118   2.027   2.145   2.036   2.017   2.113   2.211   2.233   2.321   2.300   2.270   2.336   2.267   1.760   1.701   2.136   1.938   1.473   1.896   1.987   2.108   2.083   1.996   1.926   1.935
1971.000   2.399   1.711   1.914   1.928   1.829   1.674   1.990   1.940   1.988   1.934   2.103   1.996   1.974   1.947   2.187   1.956   1.935   1.888   1.820   2.220   1.833   1.697   1.929   2.179   2.169   1.960   1.959   2.075   2.125
1972.000   2.038   1.759   1.997   2.223   2.150   1.627   2.065   1.759   1.974   2.029   2.354   1.994   1.898   1.757   2.022   1.908   1.838   1.159   1.169   1.922   1.607   1.520   1.188   2.016   1.852   1.691   1.588   1.673   1.747
1973.000   1.538   1.686   1.689   1.610   1.656   1.685   1.733   1.803   1.636   1.642   1.455   1.904   1.932   1.893   1.618   1.751   1.733   1.445   1.406   1.666   1.296   1.481   1.536   1.685   1.808   1.748   1.663   1.571   1.601
1974.000   2.300   2.282   2.209   2.062   2.048   2.026   2.119   2.117   2.140   2.116   1.984   2.132   2.014   2.028   2.039   1.980   2.055   2.374   2.302   2.098   2.126   2.870   1.953   2.314   2.024   1.963   2.115   2.137   2.229
1975.000   1.927   2.027   1.811   2.076   2.035   2.045   2.097   2.111   2.154   2.087   1.592   1.841   1.751   1.766   1.817   1.936   1.894   2.351   2.378   2.039   2.423   2.756   2.318   1.960   1.980   1.897   2.138   2.065   1.988
1976.000   1.933   2.037   2.000   2.156   2.069   1.831   1.831   1.736   1.842   1.974   1.555   1.840   1.722   1.737   1.561   1.673   1.745   1.387   1.318   1.747   1.402   1.757   1.644   2.045   1.773   1.677   1.824   1.896   1.964
1977.000   1.927   1.514   1.777   1.425   1.462   1.181   1.611   1.484   1.699   1.543   1.565   2.190   1.890   1.725   1.952   1.748   1.706   1.263   1.309   1.619   1.137   1.925   1.115   1.694   1.620   1.408   1.411   1.509   1.493
1978.000   1.642   1.949   1.935   2.167   2.223   2.034   2.067   1.967   1.977   2.032   2.082   1.670   1.761   1.674   1.809   1.732   1.726   1.636   1.574   1.901   1.341   1.325   1.423   1.678   1.880   1.896   1.944   1.753   1.820
1979.000   1.605   1.734   1.974   1.762   1.784   1.804   1.880   1.885   1.881   1.848   1.866   1.620   1.680   1.751   1.724   1.710   1.810   1.994   2.004   1.818   1.895   1.978   1.857   1.756   1.805   1.780   1.765   1.788   1.841
1980.000   1.303   1.403   1.551   1.439   1.520   1.453   1.435   1.438   1.427   1.372   1.653   1.640   1.591   1.596   1.511   1.482   1.472   1.847   1.879   1.717   1.687   1.674   1.758   1.558   1.832   1.721   1.579   1.589   1.658
1981.000   1.891   1.893   2.026   2.024   2.044   2.056   1.967   1.996   1.968   1.917   1.839   1.801   1.838   1.854   1.872   1.854   1.864   1.751   1.763   1.843   1.784   1.595   1.751   1.809   1.823   1.781   1.772   1.789   1.897
1982.000   2.160   2.262   1.899   2.122   2.247   2.317   2.267   2.239   2.284   2.285   2.215   2.163   2.067   2.139   1.980   2.132   2.152   2.112   2.175   1.983   2.346   2.120   2.212   1.946   1.940   1.865   1.971   1.812   1.837
1983.000   1.690   1.736   1.607   1.933   1.852   1.880   1.854   1.826   1.766   1.953   1.820   1.767   1.850   1.767   1.799   1.929   1.848   1.516   1.502   1.292   1.554   1.426   1.402   1.704   1.535   1.568   1.654   1.616   1.588
1984.000   1.731   1.829   2.131   1.842   1.862   1.895   1.774   1.749   1.820   1.861   1.862   1.792   1.843   1.914   1.854   1.890   1.935   1.995   2.031   1.996   1.982   1.718   1.792   1.951   1.862   1.944   1.897   1.832   1.868
1985.000   2.126   2.005   1.937   2.136   2.042   2.218   2.004   2.087   1.993   1.970   2.147   1.997   1.933   1.968   2.096   2.071   2.094   2.153   2.216   1.933   2.285   2.135   2.195   2.082   1.868   1.866   2.066   2.120   1.910
1986.000   2.141   2.360   1.976   2.314   2.394   2.437   2.477   2.400   2.390   2.473   2.365   2.362   2.355   2.302   2.332   2.420   2.479   2.331   2.385   2.040   2.371   2.505   2.309   2.013   2.024   1.957   2.030   1.998   1.946
1987.000   2.148   2.082   1.985   2.094   2.063   2.152   2.140   2.130   2.262   2.276   2.153   1.898   1.998   2.068   2.017   2.153   2.057   2.151   2.149   1.947   2.308   2.376   2.268   2.233   1.925   2.162   2.132   2.045   1.846
1988.000   2.216   2.235   2.008   1.964   2.008   2.100   2.215   2.107   2.095   2.165   2.254   2.349   2.272   2.310   2.222   2.175   2.221   1.991   2.030   1.929   2.024   1.983   1.940   1.914   1.920   1.913   1.824   1.760   1.748
1989.000   1.827   1.975   1.992   2.056   2.191   2.071   2.070   1.985   2.147   2.173   2.030   1.976   1.896   1.991   1.846   1.899   2.054   2.046   2.076   2.056   2.134   2.044   1.990   1.962   2.131   1.955   2.065   2.073   2.190
1990.000   1.976   1.855   2.007   2.018   2.054   1.934   1.997   1.916   1.851   1.908   2.103   1.894   1.987   2.056   1.969   1.960   1.924   1.953   1.971   1.886   2.057   2.024   1.945   1.866   1.950   1.862   1.903   1.757   1.815
1991.000   1.971   1.926   1.830   2.055   2.053   2.073   1.851   1.857   1.847   1.980   1.929   1.801   1.885   2.015   1.702   1.755   1.780   2.127   2.133   1.775   2.112   2.099   2.020   2.048   1.821   1.822   1.835   1.834   1.768
1992.000   1.564   1.445   1.461   1.523   1.505   1.462   1.484   1.420   1.524   1.489   1.877   1.501   1.469   1.539   1.559   1.475   1.516   1.927   1.887   1.672   1.576   1.740   1.624   1.653   1.709   1.656   1.632   1.629   1.690
1993.000   1.570   1.678   1.986   1.804   1.855   1.845   1.886   1.903   1.938   1.814   2.272   1.915   2.064   2.062   2.041   1.962   1.905   1.914   1.910   1.789   1.950   1.913   1.891   1.896   1.843   1.905   1.788   1.856   1.850
1994.000   1.711   1.670   1.726   1.712   1.758   1.741   1.748   1.692   1.659   1.787   1.686   1.859   1.820   1.902   1.784   1.851   1.809   1.665   1.653   1.861   1.684   1.504   1.657   1.903   1.870   1.777   1.778   1.768   1.874
1995.000   1.778   1.703   1.849   1.770   1.772   1.983   1.829   1.987   1.825   1.851   1.801   1.674   1.760   1.712   1.602   1.670   1.693   2.000   1.993   1.977   1.699   1.706   1.616   1.680   1.982   2.044   1.972   1.778   1.831
1996.000   2.034   2.342   2.295   2.433   2.456   2.580   2.375   2.385   2.415   2.389   2.586   2.276   2.386   2.334   2.451   2.353   2.356   2.128   2.159   2.270   2.130   1.986   1.952   2.167   2.066   2.173   2.214   2.127   2.045
1997.000   1.977   1.837   1.935   1.706   1.653   1.784   1.818   1.872   1.747   1.806   1.978   2.138   2.059   2.083   2.072   1.807   1.779   1.985   2.022   1.999   1.826   2.116   1.906   2.030   1.823   1.827   1.835   1.784   1.819
1998.000   1.815   2.015   1.840   1.990   2.036   1.992   2.064   2.138   2.109   2.092   2.116   1.909   2.054   2.054   1.999   2.015   2.081   1.910   1.900   1.770   1.845   1.569   1.765   1.881   1.830   1.815   1.782   1.779   1.751
1999.000   2.326   2.465   2.381   2.524   2.525   2.473   2.545   2.514   2.471   2.489   2.472   2.479   2.520   2.487   2.492   2.500   2.405   2.354   2.369   2.330   2.623   2.407   2.392   2.395   2.165   2.282   2.324   2.287   2.274
2000.000   2.237   2.340   2.296   2.331   2.272   2.362   2.199   2.322   2.169   2.293   2.457   2.401   2.384   2.295   2.283   2.341   2.386   2.219   2.285   2.178   2.256   2.468   2.153   2.388   2.027   2.229   2.443   2.186   2.188
2001.000   2.020   2.129   2.064   2.191   2.047   2.173   2.038   2.054   2.122   2.092   2.351   2.108   2.068   2.067   1.991   1.927   1.828   2.014   2.034   1.852   2.099   2.137   1.916   1.938   1.875   1.931   1.824   1.966   1.858
2002.000   2.216   2.344   2.138   2.281   2.412   2.440   2.533   2.528   2.352   2.438   2.395   2.477   2.493   2.445   2.219   2.389   2.465   2.282   2.345   2.091   2.088   2.234   2.102   2.178   1.939   2.017   2.128   1.889   1.897
2003.000   1.906   1.932   1.912   1.942   1.990   2.164   2.062   2.069   2.082   2.129   1.850   2.074   2.095   2.135   1.819   1.900   1.964   1.886   1.834   1.797   1.789   1.776   1.886   1.833   1.844   1.954   1.914   1.860   1.784
2004.000   1.963   1.851   2.006   1.912   1.978   1.967   2.066   1.995   2.027   2.055   2.062   2.107   2.147   2.114   2.041   1.941   2.001   2.292   2.332   1.919   2.105   2.142   1.798   1.774   1.921   2.027   1.983   1.940   1.766
2005.000   1.650   1.947   1.811   1.979   2.060   1.972   2.054   1.945   1.894   2.009   1.917   2.116   2.076   1.945   1.928   1.923   2.023   1.633   1.660   1.709   1.819   1.503   1.591   1.669   1.780   1.900   1.949   1.822   1.719
2006.000   1.694   1.731   2.028   1.731   1.866   1.810   1.682   1.790   1.808   1.744   2.021   1.967   2.004   1.984   1.923   1.871   1.700   1.904   1.919   1.820   1.834   1.882   1.868   1.839   1.940   2.059   2.150   2.074   1.863
2007.000   1.745   1.895   1.946   1.933   1.951   2.128   2.067   2.152   1.976   2.011   1.777   1.745   1.880   1.929   1.824   1.875   1.959   2.090   2.078   2.035   1.752   1.620   1.697   1.747   1.871   1.949   1.866   1.772   1.799
2008.000   2.398   2.303   2.223   2.265   2.307   2.366   2.262   2.228   2.182   2.289   2.239   2.273   2.389   2.461   2.258   2.440   2.396   2.435   2.440   2.023   2.354   2.406   2.319   2.167   2.181   2.262   2.217   2.274   2.244
2009.000   1.937   2.091   2.041   2.107   2.150   2.100   2.122   2.117   2.084   2.143   2.187   2.161   2.121   2.168   2.086   2.086   2.083   2.053   2.088   2.043   2.043   1.970   2.029   2.064   1.963   2.119   1.997   2.035   1.974
2010.000   1.817   1.680   1.604   1.931   1.972   1.888   1.929   1.824   1.826   1.841   1.928   1.842   1.929   1.779   1.815   1.853   1.878   1.832   1.839   1.731   1.875   1.845   1.647   1.589   1.838   1.785   1.732   1.732   1.653
2011.000   2.249   2.127   2.172   2.259   2.144   2.208   2.354   2.272   2.071   2.103   2.302   2.430   2.423   2.327   2.194   2.273   2.212   2.038   2.108   2.164   2.193   2.078   2.001   2.210   2.205   2.136   2.217   2.139   1.944
2012.000   1.816   1.808   2.234   1.842   1.852   1.898   1.950   1.930   1.995   2.022   1.990   1.974   1.875   1.827   1.802   1.811   2.011   1.939   1.907   1.903   1.514   1.656   1.666   1.786   1.977   1.994   1.923   1.926   2.059
2013.000   1.803   1.887   1.740   1.945   1.941   2.015   2.133   2.197   2.075   2.142   2.016   1.809   1.842   1.832   1.931   1.842   1.789   1.774   1.760   1.738   1.880   1.751   1.727   1.861   1.930   1.945   1.999   1.960   1.938
2014.000   1.720   1.873   1.933   1.903   1.875   2.013   2.017   2.042   1.823   2.041   1.845   1.903   1.980   1.905   1.815   1.945   2.049   1.890   1.929   1.762   1.932   1.883   1.924   1.895   1.909   1.950   1.980   1.947   1.851
2015.000   2.107   2.325   2.075   2.347   2.374   2.373   2.341   2.288   2.257   2.389   2.108   2.125   2.279   2.172   2.151   2.253   2.325   2.005   1.987   1.846   2.196   2.163   2.106   2.022   1.997   2.129   2.095   1.980   1.987
2016.000   1.550   1.610   1.590   1.504   1.522   1.692   1.612   1.640   1.564   1.617   1.846   1.563   1.637   1.583   1.595   1.573   1.600   1.713   1.686   1.531   1.565   1.426   1.485   1.464   1.975   1.989   1.764   1.665   1.751
2017.000   1.331   1.358   1.674   1.471   1.491   1.550   1.606   1.586   1.492   1.499   1.392   1.457   1.514   1.414   1.402   1.465   1.425   1.353   1.375   1.460   1.370   1.393   1.324   1.523   1.639   1.682   1.653   1.712   1.671
2018.000   1.695   1.611   1.725   1.659   1.631   1.748   1.727   1.771   1.724   1.767   1.844   1.674   1.731   1.750   1.722   1.638   1.718   1.797   1.807   1.696   1.962   1.997   1.789   1.770   2.195   2.149   2.172   2.186   2.246
2019.000   1.637   1.620   1.730   1.630   1.648   1.673   1.593   1.660   1.717   1.692   1.738   1.922   1.894   1.775   1.662   1.587   1.729   1.794   1.814   1.798   1.662   1.609   1.510   1.627   1.964   1.975   1.824   1.756   1.797
2020.000   1.500   1.524   1.748   1.671   1.584   1.783   1.634   1.758   1.681   1.715   2.035   1.874   1.890   1.674   1.559   1.455   1.479   1.793   1.788   1.614   1.779   1.667   1.664   1.576   1.880   1.929   1.933   1.762   1.651
