 Year Total DJF
1905.000   6.640   5.538   6.182   6.101   6.130   6.047   6.188   5.922   6.027
1906.000   6.557   5.103   6.359   5.746   6.078   5.692   5.685   5.898   5.989
1907.000   6.924   6.511   7.164   7.238   6.873   6.760   6.793   6.301   6.288
1908.000   6.742   6.531   6.948   6.232   6.337   6.129   6.208   6.489   6.531
1909.000   6.060   6.674   6.545   5.768   5.994   5.578   5.710   6.250   6.292
1910.000   6.339   6.716   6.527   6.253   6.103   5.422   5.745   6.228   6.262
1911.000   6.984   7.143   6.515   5.689   5.939   5.648   5.742   6.340   6.323
1912.000   6.020   5.730   5.704   5.673   5.948   5.403   5.388   5.271   5.231
1913.000   6.493   5.980   6.418   6.202   6.245   5.996   5.967   5.987   5.970
1914.000   6.465   7.670   6.076   6.963   7.181   5.829   5.925   5.908   6.044
1915.000   6.306   5.351   6.727   5.524   5.885   5.360   5.431   5.969   6.000
1916.000   6.237   6.956   5.928   6.335   6.638   5.694   5.637   6.094   6.134
1917.000   7.029   7.862   6.870   7.232   6.956   6.945   6.950   6.995   6.952
1918.000   6.534   5.815   6.547   6.173   6.348   6.044   5.997   6.328   6.306
1919.000   6.230   6.573   6.593   6.241   6.384   5.873   5.932   5.898   5.994
1920.000   6.838   5.362   7.191   6.369   6.658   5.975   6.092   6.207   6.312
1921.000   6.973   7.029   6.498   7.043   6.659   6.594   6.650   6.226   6.314
1922.000   6.857   6.607   6.522   6.489   6.468   5.435   5.560   5.902   5.963
1923.000   6.323   7.140   6.214   6.303   6.215   5.528   5.565   5.655   5.619
1924.000   6.629   7.342   6.847   7.538   7.166   6.751   6.794   6.320   6.304
1925.000   6.624   6.493   6.782   6.352   6.203   6.037   5.945   5.870   5.809
1926.000   6.109   5.982   6.101   5.798   5.855   6.026   5.790   6.041   5.918
1927.000   6.527   7.316   6.785   7.184   7.131   7.208   7.123   6.519   6.499
1928.000   7.083   6.877   6.911   6.724   6.958   6.262   6.437   6.635   6.767
1929.000   6.366   6.407   5.982   5.227   5.079   4.914   4.869   5.901   5.747
1930.000   6.481   5.917   6.314   6.488   6.065   5.639   5.648   5.484   5.434
1931.000   6.880   5.726   6.147   5.331   5.163   5.281   5.276   5.595   5.561
1932.000   6.188   5.393   5.987   5.356   5.488   5.287   5.176   5.676   5.643
1933.000   6.344   6.156   7.015   6.015   5.668   6.052   5.975   6.411   6.272
1934.000   6.777   5.956   6.780   6.658   6.646   6.867   6.867   6.605   6.648
1935.000   6.769   7.388   7.473   7.157   6.747   6.498   6.615   6.442   6.472
1936.000   6.445   6.150   6.641   6.381   6.494   6.147   6.328   6.411   6.463
1937.000   6.744   7.683   6.536   6.478   6.302   5.979   6.073   6.140   6.108
1938.000   6.842   8.025   7.093   7.679   7.644   6.616   6.679   6.405   6.440
1939.000   6.045   6.461   6.126   6.134   6.246   6.258   5.964   6.114   5.967
1940.000   6.635   6.331   7.072   6.501   6.097   6.375   6.256   6.038   5.903
1941.000   6.605   6.076   6.689   5.973   5.920   5.492   5.693   5.906   5.993
1942.000   5.828   5.701   6.093   5.453   5.803   5.399   5.309   5.787   5.820
1943.000   6.507   5.804   6.454   5.916   5.928   5.947   5.832   6.192   6.156
1944.000   6.932   6.264   6.901   6.324   6.166   6.231   6.325   6.423   6.459
1945.000   6.469   7.932   5.856   6.898   6.726   7.019   6.943   6.336   6.312
1946.000   6.357   6.542   6.505   5.715   5.581   5.973   5.890   6.219   6.148
1947.000   6.007   5.766   5.954   5.366   5.650   6.142   6.148   6.320   6.291
1948.000   6.580   6.286   6.607   6.302   5.728   6.435   6.290   6.184   6.128
1949.000   6.967   6.143   6.694   6.058   5.815   6.135   6.012   6.228   6.088
1950.000   6.570   4.922   5.842   5.433   5.244   5.468   5.304   5.750   5.587
1951.000   6.383   4.397   6.460   5.363   5.641   5.668   5.695   6.239   6.237
1952.000   6.583   7.346   6.158   7.074   7.087   6.760   6.836   6.416   6.460
1953.000   6.789   7.693   6.740   6.688   6.589   6.994   7.280   6.430   6.520
1954.000   6.753   8.273   6.639   7.378   7.181   7.507   7.634   7.068   7.074
1955.000   6.076   6.413   5.782   6.158   6.508   7.038   6.912   6.812   6.784
1956.000   6.566   6.702   5.891   6.160   6.268   6.863   6.819   6.716   6.663
1957.000   6.668   6.069   5.527   5.798   5.760   5.778   5.848   5.874   5.846
1958.000   6.460   6.565   5.986   6.640   6.657   6.863   6.751   6.317   6.261
1959.000   6.564   7.170   6.367   6.721   6.694   7.354   7.406   7.207   7.193
1960.000   6.521   7.231   6.848   6.541   6.487   6.890   6.878   6.867   6.859
1961.000   6.101   6.761   6.534   6.125   6.189   6.470   6.594   6.777   6.747
1962.000   6.819   7.503   7.008   6.788   6.939   7.502   7.502   7.409   7.424
1963.000   6.350   6.650   5.728   7.009   7.356   7.337   7.334   6.992   7.074
1964.000   6.061   6.790   6.662   6.534   6.488   6.269   6.315   6.340   6.304
1965.000   6.020   5.752   6.060   6.270   5.888   6.937   6.766   6.389   6.207
1966.000   6.617   7.143   6.744   6.786   6.664   6.846   6.814   6.691   6.612
1967.000   6.406   6.872   6.697   6.709   6.206   6.593   6.548   6.610   6.427
1968.000   6.449   7.192   6.546   6.366   6.604   6.681   6.638   6.388   6.408
1969.000   6.218   7.681   5.975   6.646   6.342   7.094   7.075   6.654   6.495
1970.000   6.043   8.425   6.600   7.137   7.222   7.644   7.613   7.412   7.355
1971.000   5.950   6.849   6.035   6.036   5.960   6.715   6.729   7.317   7.179
1972.000   6.136   4.730   5.466   5.913   5.749   6.703   6.463   6.395   6.273
1973.000   5.300   6.010   5.658   5.654   5.664   5.906   5.923   6.308   6.271
1974.000   6.866   5.858   6.035   6.342   5.912   5.928   6.144   6.035   6.139
1975.000   6.168   6.471   6.247   7.025   6.369   6.717   6.765   6.358   6.193
1976.000   6.806   6.355   6.668   6.151   5.728   6.408   6.464   6.219   6.258
1977.000   6.158   6.388   5.424   5.825   5.651   6.107   6.102   6.107   5.927
1978.000   6.733   6.125   5.938   6.651   6.386   6.908   6.846   6.551   6.520
1979.000   6.411   5.901   6.530   6.336   6.383   6.735   6.735   6.499   6.532
1980.000   5.694   5.674   5.641   6.025   6.057   6.254   6.130   6.131   6.066
1981.000   6.033   5.724   5.775   6.107   6.170   5.933   6.015   6.078   6.152
1982.000   6.606   6.374   6.435   6.407   6.335   6.183   6.254   6.154   6.251
1983.000   5.396   5.476   5.900   5.607   5.762   6.006   5.895   6.280   6.261
1984.000   6.416   5.813   6.266   6.246   6.363   6.803   6.619   6.273   6.246
1985.000   6.023   5.594   5.878   6.647   6.441   6.397   6.257   6.134   6.006
1986.000   6.129   6.743   6.172   6.348   6.339   6.598   6.541   6.539   6.504
1987.000   6.124   6.032   6.650   6.247   6.372   6.447   6.347   6.316   6.246
1988.000   6.576   5.802   6.291   6.229   6.281   6.618   6.564   6.457   6.458
1989.000   6.313   6.166   6.148   6.322   6.447   6.682   6.487   6.340   6.387
1990.000   6.047   5.600   5.799   6.014   6.032   6.099   6.025   6.368   6.387
1991.000   6.252   6.334   6.383   6.254   6.317   6.050   6.060   6.219   6.264
1992.000   6.519   5.726   6.231   5.855   6.032   5.843   5.879   6.299   6.262
1993.000   5.687   5.584   5.924   5.702   5.671   6.151   6.144   6.468   6.441
1994.000   5.725   6.229   6.453   6.252   6.455   6.189   6.308   6.260   6.386
1995.000   6.555   6.250   6.292   6.801   7.239   6.781   6.840   6.851   6.945
1996.000   6.674   6.287   6.502   6.929   6.840   7.027   6.929   6.703   6.699
1997.000   5.737   5.222   5.859   5.461   5.830   6.029   6.070   6.234   6.338
1998.000   5.655   5.829   6.043   6.098   6.324   6.042   6.143   6.573   6.644
1999.000   6.139   5.799   6.195   6.278   6.532   6.472   6.567   6.485   6.580
2000.000   6.272   5.906   5.968   6.186   6.227   6.447   6.731   6.318   6.552
2001.000   5.836   5.816   6.042   6.070   5.913   6.309   6.300   6.357   6.276
2002.000   6.121   6.027   6.036   6.223   6.284   6.222   6.370   6.015   6.186
2003.000   6.387   6.055   6.721   6.669   6.667   6.824   6.843   6.871   6.885
2004.000   6.420   6.405   6.407   6.810   6.768   6.862   6.813   6.770   6.728
2005.000   5.913   5.626   6.004   6.200   6.374   6.297   6.346   6.454   6.510
2006.000   5.557   5.464   5.783   5.589   5.773   5.520   5.439   6.227   6.100
2007.000   5.418   5.601   6.195   6.230   6.482   6.505   6.483   6.472   6.555
2008.000   7.036   7.024   7.062   7.468   7.923   7.164   7.137   6.991   7.081
2009.000   6.378   6.748   6.434   6.924   7.031   6.779   6.658   6.245   6.358
2010.000   6.055   6.499   6.683   6.954   7.030   6.567   6.587   6.555   6.545
2011.000   6.365   6.113   6.389   6.783   6.514   6.820   6.753   6.578   6.538
2012.000   6.502   6.432   6.696   7.301   7.095   7.212   7.202   6.542   6.701
2013.000   6.098   6.222   6.477   6.496   6.609   6.538   6.487   6.511   6.549
2014.000   6.362   6.738   6.690   6.789   6.988   6.960   6.887   6.585   6.644
2015.000   6.954   7.196   7.105   7.396   7.402   7.334   7.510   6.774   6.960
2016.000   6.174   6.758   6.624   6.394   6.456   6.439   6.542   6.286   6.381
2017.000   4.959   5.060   5.269   5.720   5.629   5.713   5.688   5.512   5.512
2018.000   5.375   5.641   6.269   6.420   6.616   6.302   6.208   6.550   6.642
2019.000   5.450   5.632   5.940   6.183   6.569   6.443   6.419   6.524   6.613
2020.000   5.884   5.781   5.351   6.177   6.336   6.180   6.019   6.130   6.085
