 Year Total MAM
1905.000   7.520   7.268   7.364   7.316   6.995   7.007
1906.000   7.172   6.283   6.255   7.785   6.970   7.271
1907.000   6.758   8.426   8.095   7.659   7.469   7.217
1908.000   6.737   8.131   7.097   7.791   7.051   7.114
1909.000   7.037   7.213   7.587   7.395   7.506   7.341
1910.000   6.792   7.718   7.901   7.559   7.317   7.322
1911.000   7.632   7.714   7.715   7.559   7.511   7.364
1912.000   6.903   7.031   6.435   6.952   6.973   6.634
1913.000   7.943   7.927   6.948   7.337   7.338   7.265
1914.000   7.172   7.995   7.376   6.779   6.891   6.952
1915.000   7.240   6.981   6.743   7.350   7.179   7.087
1916.000   7.030   7.232   6.881   7.007   6.999   6.995
1917.000   7.904   7.952   8.183   7.964   7.970   7.593
1918.000   7.017   7.868   8.168   7.814   7.904   7.826
1919.000   7.869   7.324   7.400   7.334   7.002   6.885
1920.000   8.049   7.586   7.576   8.078   7.652   7.608
1921.000   7.840   8.326   8.232   8.245   7.663   7.470
1922.000   6.129   6.147   5.970   6.492   7.099   7.188
1923.000   6.677   6.836   6.854   6.739   7.036   6.972
1924.000   7.977   7.670   7.962   7.511   7.436   6.875
1925.000   7.463   7.487   7.596   7.192   7.849   7.571
1926.000   7.339   5.843   5.245   6.359   6.703   6.799
1927.000   6.996   7.771   6.884   7.245   7.486   7.444
1928.000   7.387   6.965   7.025   7.462   7.383   7.455
1929.000   6.339   5.866   6.218   6.816   7.117   6.993
1930.000   7.757   7.927   8.597   7.945   7.870   7.584
1931.000   7.907   7.344   8.367   7.608   7.446   7.266
1932.000   7.009   6.812   6.635   6.587   6.853   6.868
1933.000   6.375   6.834   6.944   6.385   7.139   7.063
1934.000   7.156   7.637   8.180   7.228   7.744   7.687
1935.000   7.232   7.567   7.638   7.293   7.597   7.238
1936.000   6.134   6.903   7.123   7.711   7.457   7.549
1937.000   6.546   7.167   7.739   7.211   7.493   7.280
1938.000   6.665   7.061   7.967   7.009   7.055   6.922
1939.000   7.037   5.479   6.952   6.873   7.137   7.182
1940.000   6.849   6.958   7.221   7.136   7.359   7.145
1941.000   7.192   8.503   8.858   8.324   7.713   7.635
1942.000   7.072   7.355   7.701   6.840   7.158   7.162
1943.000   7.073   7.510   7.629   7.072   7.432   7.447
1944.000   8.001   7.759   7.773   7.715   7.770   7.489
1945.000   7.842   7.340   7.142   7.023   7.343   7.096
1946.000   7.036   6.683   7.652   7.606   7.414   7.180
1947.000   6.811   6.422   7.534   7.179   7.240   7.345
1948.000   7.816   8.272   7.533   7.764   7.721   7.576
1949.000   8.185   7.210   7.742   7.581   7.584   7.268
1950.000   7.641   6.914   7.682   7.039   7.169   7.373
1951.000   6.508   6.749   7.162   7.041   7.775   7.861
1952.000   8.234   7.844   7.985   7.442   7.388   7.257
1953.000   8.079   7.844   7.850   7.843   7.367   7.330
1954.000   7.204   7.559   6.893   7.051   6.614   6.741
1955.000   6.842   7.449   6.361   6.409   6.781   6.874
1956.000   6.538   6.970   6.771   6.696   6.951   6.978
1957.000   7.621   7.028   6.626   6.839   6.974   7.092
1958.000   7.651   7.473   7.417   6.812   6.765   6.881
1959.000   7.195   7.232   7.459   7.252   7.216   7.328
1960.000   7.711   7.737   7.132   6.827   7.343   7.201
1961.000   6.897   7.471   7.394   7.034   7.322   7.199
1962.000   6.823   7.298   6.867   7.127   7.103   7.199
1963.000   7.382   7.756   7.282   7.020   7.065   7.199
1964.000   7.383   7.137   7.271   6.743   7.017   7.057
1965.000   6.474   7.010   6.232   6.405   7.013   7.159
1966.000   6.532   7.160   7.410   7.347   7.164   7.148
1967.000   7.235   7.168   7.789   7.599   7.429   7.425
1968.000   6.772   6.668   5.996   6.091   6.754   7.037
1969.000   6.567   7.389   6.912   6.988   6.947   6.909
1970.000   7.043   7.184   6.862   7.034   7.069   6.794
1971.000   5.978   6.270   6.163   6.922   7.305   7.286
1972.000   7.046   6.565   6.387   7.154   7.510   7.675
1973.000   7.155   6.939   6.493   6.692   6.504   6.763
1974.000   6.727   7.670   8.269   7.781   7.314   7.224
1975.000   7.146   8.294   8.086   7.445   7.359   7.176
1976.000   6.565   7.430   8.300   7.722   7.494   7.344
1977.000   6.394   6.170   6.292   6.871   6.756   6.818
1978.000   7.708   7.799   7.237   7.253   6.947   6.839
1979.000   6.943   7.162   7.294   7.282   7.270   7.252
1980.000   6.628   6.408   6.215   6.238   6.737   6.795
1981.000   6.725   6.841   6.412   6.955   6.806   6.897
1982.000   7.467   7.126   7.482   7.307   6.866   6.920
1983.000   7.235   6.345   6.324   6.841   6.888   7.093
1984.000   6.834   7.065   6.728   6.997   7.499   7.400
1985.000   6.664   6.932   7.129   6.755   6.961   7.077
1986.000   6.985   6.590   6.425   6.659   6.704   6.958
1987.000   7.309   6.869   6.716   7.056   6.922   6.860
1988.000   6.700   6.715   6.750   7.332   7.370   7.585
1989.000   7.157   6.728   6.787   7.047   7.093   7.544
1990.000   6.893   7.138   6.914   7.083   7.215   7.321
1991.000   6.841   6.882   6.829   6.842   6.919   7.039
1992.000   7.151   7.191   6.941   7.344   7.077   7.177
1993.000   6.837   7.073   6.891   7.282   7.145   7.245
1994.000   7.614   7.538   7.531   7.574   7.466   7.552
1995.000   7.780   7.889   7.625   7.888   7.439   7.592
1996.000   7.713   6.978   7.180   7.275   7.096   7.319
1997.000   7.243   7.059   7.198   7.728   7.366   7.571
1998.000   7.459   7.359   7.038   7.258   6.805   6.920
1999.000   7.327   7.285   7.476   6.903   7.383   7.540
2000.000   7.983   7.130   6.888   7.144   7.169   7.199
2001.000   7.472   6.625   6.697   7.223   7.163   7.360
2002.000   7.391   6.908   6.805   7.070   7.253   7.060
2003.000   7.883   7.550   7.960   7.775   7.559   7.635
2004.000   7.321   7.390   7.293   7.564   7.195   6.984
2005.000   7.619   6.925   7.141   7.224   7.226   7.199
2006.000   7.240   6.633   6.300   6.727   6.914   6.946
2007.000   7.003   6.496   6.757   7.209   7.029   7.353
2008.000   8.078   7.896   7.936   7.749   7.771   7.809
2009.000   8.060   7.234   7.501   7.403   7.240   7.200
2010.000   7.079   6.838   7.045   7.587   7.094   7.090
2011.000   7.172   7.052   7.098   7.487   7.262   7.297
2012.000   7.575   7.314   7.245   7.504   7.360   7.523
2013.000   7.822   7.795   7.818   7.271   7.187   7.262
2014.000   7.539   7.378   7.736   6.976   6.949   7.070
2015.000   8.029   8.009   7.783   7.783   6.949   7.006
2016.000   7.536   7.268   7.421   7.200   6.675   6.933
2017.000   7.034   6.793   6.570   6.215   6.725   6.569
2018.000   6.400   6.189   6.352   6.566   6.630   7.014
2019.000   6.277   6.802   6.591   6.438   6.553   6.703
2020.000   7.561   7.234   7.066   7.038   6.737   6.840
