 Year Total JJA
1905.000  15.817  16.067  15.378  16.220  15.820  15.050  16.237  15.924  15.791
1906.000  16.193  15.977  16.153  15.914  15.930  14.687  15.163  16.007  15.885
1907.000  16.132  16.324  16.475  16.361  16.218  15.774  16.178  16.463  16.194
1908.000  16.139  16.348  16.395  16.546  16.196  14.934  16.853  16.444  16.114
1909.000  16.393  16.410  16.623  16.396  16.213  16.394  16.891  16.615  16.249
1910.000  16.323  16.205  16.769  16.372  16.187  16.028  16.959  16.485  16.365
1911.000  16.398  16.251  16.423  16.516  16.198  14.797  16.369  16.604  16.499
1912.000  15.799  16.179  16.018  15.722  16.076  15.343  16.149  16.102  16.026
1913.000  15.785  15.651  15.812  15.918  15.853  15.045  15.143  15.899  16.036
1914.000  15.732  15.878  16.092  15.854  15.879  16.575  15.879  16.010  16.046
1915.000  15.846  15.610  15.881  15.878  15.733  15.907  15.810  15.639  15.560
1916.000  16.439  16.202  16.608  16.196  16.125  15.001  15.195  16.333  16.521
1917.000  16.743  16.579  16.636  16.697  16.426  15.669  15.465  16.843  16.688
1918.000  16.139  16.146  16.103  16.271  15.819  16.758  15.944  16.206  15.802
1919.000  15.788  15.847  15.990  16.038  15.834  15.562  15.727  15.891  15.511
1920.000  16.358  16.279  16.128  16.480  16.129  16.378  15.725  16.111  15.937
1921.000  15.867  15.987  16.484  15.956  16.078  15.669  14.877  16.200  16.087
1922.000  16.048  16.219  15.806  16.211  16.168  16.710  17.136  16.036  15.718
1923.000  16.106  15.874  16.062  15.879  15.898  15.093  14.834  16.075  16.110
1924.000  16.134  16.341  16.544  16.232  16.310  15.827  15.616  16.301  16.290
1925.000  15.836  16.016  15.929  16.154  16.038  15.260  15.308  16.235  16.029
1926.000  16.261  16.334  16.392  16.470  16.072  16.714  16.519  16.300  16.085
1927.000  16.246  16.339  16.171  16.278  16.180  15.609  16.445  16.409  16.104
1928.000  16.102  16.126  15.776  16.055  16.052  15.586  16.223  15.966  15.781
1929.000  16.155  16.548  16.337  16.462  16.024  15.977  17.167  16.596  16.167
1930.000  16.180  16.150  16.439  16.113  16.174  16.036  16.452  16.250  16.057
1931.000  16.154  16.486  16.935  16.846  16.249  17.486  16.879  16.429  16.363
1932.000  16.014  16.062  16.033  15.978  15.971  15.900  16.165  16.006  15.761
1933.000  16.088  16.393  16.305  16.494  16.361  15.383  16.464  16.433  16.177
1934.000  15.900  16.014  16.150  16.490  16.087  16.320  16.130  16.050  15.839
1935.000  16.094  16.126  16.183  15.962  15.924  15.763  16.300  16.329  16.049
1936.000  16.133  15.916  16.104  16.418  15.904  17.085  17.046  15.765  15.434
1937.000  16.106  16.263  16.174  16.447  16.265  16.386  16.423  16.213  16.130
1938.000  15.888  15.926  16.057  16.204  16.066  16.163  16.080  16.007  15.976
1939.000  15.864  15.765  15.705  15.897  15.639  16.102  16.397  15.985  15.740
1940.000  15.736  15.726  15.744  15.787  15.994  15.921  15.969  15.875  15.692
1941.000  15.500  15.569  15.583  15.497  15.749  15.164  15.911  15.941  15.763
1942.000  16.317  16.395  16.127  16.118  16.347  16.173  16.471  16.257  16.131
1943.000  16.206  16.332  16.099  16.345  16.034  16.082  16.657  16.364  16.228
1944.000  16.113  16.498  16.493  16.260  16.181  17.184  16.387  16.502  16.362
1945.000  16.087  16.255  16.384  16.057  16.122  16.664  15.805  16.342  16.124
1946.000  16.372  16.007  15.764  15.822  15.749  15.817  16.488  16.110  15.873
1947.000  16.037  16.091  16.148  16.239  15.910  15.730  16.007  16.217  16.112
1948.000  16.118  16.137  16.112  16.208  16.126  17.028  16.288  16.159  16.180
1949.000  15.850  16.031  15.942  15.786  15.969  15.955  15.710  16.023  15.855
1950.000  16.337  15.946  16.058  15.870  15.946  17.502  15.839  15.685  15.701
1951.000  16.443  16.337  16.293  15.945  15.948  16.453  16.382  16.403  16.538
1952.000  16.555  16.355  16.391  16.497  16.121  16.930  16.221  16.199  16.414
1953.000  16.149  16.114  15.799  15.718  15.770  15.437  15.847  15.896  16.135
1954.000  15.980  15.962  16.475  15.856  15.857  15.994  15.950  15.814  16.310
1955.000  16.084  16.029  16.368  15.951  15.789  15.986  16.258  15.990  16.219
1956.000  16.665  16.157  15.978  16.332  15.763  16.523  16.123  16.087  16.264
1957.000  16.011  16.167  16.248  15.950  15.920  16.771  15.626  16.025  16.299
1958.000  15.754  15.961  16.099  15.729  15.715  16.424  16.120  15.815  16.022
1959.000  15.466  15.688  15.831  15.752  15.901  16.262  16.262  15.555  15.815
1960.000  16.161  16.258  16.150  16.370  16.083  16.786  16.157  16.182  16.179
1961.000  15.732  15.781  15.636  15.804  15.765  15.757  16.106  15.680  15.534
1962.000  16.051  16.113  16.010  16.313  16.046  15.486  15.723  16.099  16.028
1963.000  15.921  15.869  15.812  15.932  15.895  16.720  15.952  15.874  15.766
1964.000  15.604  15.752  15.882  15.934  15.830  15.213  15.835  16.076  15.960
1965.000  15.747  15.771  15.610  15.772  15.824  16.692  16.011  15.721  15.552
1966.000  15.884  15.709  15.614  15.743  15.914  16.833  15.948  15.667  15.548
1967.000  15.690  15.835  16.063  15.623  16.026  16.704  16.163  15.924  15.711
1968.000  16.423  16.256  16.179  16.484  16.082  16.306  16.193  16.531  16.615
1969.000  15.835  15.886  15.782  15.622  15.891  16.441  15.485  15.734  15.732
1970.000  16.034  15.832  15.793  15.878  15.876  16.593  15.425  15.744  15.655
1971.000  16.227  15.908  15.970  16.194  16.180  15.811  16.437  16.021  15.929
1972.000  15.547  15.397  15.424  15.411  15.544  15.718  15.395  15.471  15.514
1973.000  16.269  15.698  15.958  15.791  16.116  15.541  15.421  15.539  15.874
1974.000  15.715  15.689  15.380  15.657  15.776  15.618  15.915  15.795  15.930
1975.000  15.905  15.783  15.935  16.038  15.822  15.991  15.591  15.901  15.850
1976.000  15.306  15.633  15.852  15.570  15.874  15.317  15.794  16.056  15.806
1977.000  15.887  15.572  15.298  15.395  15.843  14.057  15.527  15.745  15.902
1978.000  16.311  16.058  15.968  15.990  15.897  16.284  15.932  16.124  16.432
1979.000  16.013  16.113  16.125  15.964  16.198  16.205  16.099  16.191  16.256
1980.000  15.449  15.529  15.275  15.115  15.461  15.206  15.059  15.373  15.275
1981.000  16.149  15.808  15.572  15.676  15.631  15.493  15.553  15.874  15.842
1982.000  15.942  16.239  16.041  16.105  15.990  16.194  16.240  16.129  16.221
1983.000  15.577  15.363  15.475  15.472  15.704  15.370  15.210  15.535  15.493
1984.000  16.048  15.743  15.714  15.774  15.899  15.749  15.670  15.562  15.932
1985.000  15.975  15.776  15.870  15.796  15.833  15.770  15.602  15.759  15.830
1986.000  15.595  15.159  15.233  15.196  15.421  15.345  15.010  15.217  15.167
1987.000  15.505  15.409  15.375  15.483  15.844  15.307  15.324  15.519  15.348
1988.000  15.713  15.871  15.912  15.948  16.133  15.676  15.676  15.995  15.718
1989.000  15.973  15.903  16.054  16.178  16.149  16.397  15.814  15.896  15.937
1990.000  15.786  15.560  15.321  15.841  15.708  15.611  15.597  15.528  15.665
1991.000  15.663  15.589  15.485  15.398  15.531  15.485  15.415  15.537  15.616
1992.000  15.483  15.374  15.695  15.592  15.539  15.994  15.441  15.713  15.821
1993.000  15.767  15.561  15.620  15.751  15.890  16.256  16.000  15.686  15.719
1994.000  15.684  15.719  15.962  15.583  15.842  15.970  15.891  15.970  16.003
1995.000  15.798  15.872  15.789  15.767  15.771  15.913  15.899  15.809  15.934
1996.000  16.369  16.042  16.108  16.109  16.162  16.027  16.084  16.076  16.309
1997.000  15.842  16.093  15.775  15.700  15.915  16.308  15.925  16.103  15.993
1998.000  16.055  16.172  16.242  16.238  16.332  16.091  16.037  16.108  16.259
1999.000  16.066  16.214  16.314  16.410  16.430  16.170  16.275  16.255  16.452
2000.000  16.067  16.080  16.026  16.207  16.199  16.464  16.041  16.000  16.193
2001.000  15.922  16.165  15.942  15.838  16.162  15.665  16.128  15.847  16.107
2002.000  15.671  15.432  15.413  15.458  15.601  15.184  15.249  15.382  15.563
2003.000  16.170  16.050  16.134  16.192  16.181  16.282  15.844  15.873  16.149
2004.000  16.172  16.461  16.147  16.078  16.215  16.502  16.312  16.285  16.380
2005.000  15.845  16.039  16.057  15.896  16.074  16.289  15.967  15.908  16.164
2006.000  16.255  16.349  16.383  16.151  16.273  16.387  16.349  16.208  16.447
2007.000  15.692  16.046  15.917  15.798  16.086  15.936  16.015  15.846  16.285
2008.000  16.415  16.149  16.076  15.824  16.068  15.912  16.219  16.044  16.152
2009.000  16.277  16.181  16.035  16.067  16.071  16.030  16.006  15.873  16.042
2010.000  16.217  16.219  16.201  16.242  16.336  16.690  16.384  16.075  16.327
2011.000  15.802  16.281  16.142  16.127  16.273  16.088  15.920  16.165  16.270
2012.000  15.742  16.058  15.947  16.007  16.133  16.066  16.382  15.964  15.850
2013.000  16.583  16.509  16.357  16.453  16.331  16.649  16.670  16.242  16.367
2014.000  16.355  16.250  16.094  16.204  16.334  17.075  16.846  15.846  16.108
2015.000  15.813  16.022  16.079  16.049  16.086  16.351  16.428  15.842  15.929
2016.000  16.372  16.333  15.916  16.108  16.470  15.844  16.830  16.015  16.267
2017.000  15.439  15.589  15.523  15.865  16.080  15.820  15.730  15.585  15.920
2018.000  15.941  15.680  15.779  15.789  16.055  15.704  15.772  15.529  15.963
2019.000  15.608  15.532  15.510  15.410  16.001  15.484  15.673  15.285  15.827
2020.000  15.831  16.167  16.133  16.064  16.387  16.293  16.026  16.141  16.320
