 Year Weddell SON
1905.000   3.572   3.668   3.590   3.581   3.571   3.652   3.624   3.584   3.692   3.604   3.641   3.610   3.762   3.496   3.690   3.605   3.631
1906.000   3.724   3.822   3.872   3.886   3.891   3.965   4.010   3.950   3.858   3.890   3.831   3.733   3.689   3.606   3.677   3.792   3.757
1907.000   4.078   4.058   4.073   4.069   4.157   4.158   4.164   4.142   4.051   4.089   4.043   3.952   3.962   3.989   3.922   4.093   4.070
1908.000   3.530   3.584   3.556   3.555   3.576   3.613   3.653   3.615   3.606   3.610   3.480   3.519   3.487   3.561   3.468   3.483   3.474
1909.000   3.758   3.884   3.952   3.800   3.821   3.869   3.863   3.897   3.878   3.775   3.832   3.796   3.911   3.809   3.663   3.663   3.888
1910.000   3.886   3.989   3.942   3.922   3.855   3.851   3.913   3.852   3.867   3.839   3.919   3.893   3.772   3.492   3.782   3.829   3.751
1911.000   3.763   3.713   3.644   3.689   3.661   3.628   3.657   3.712   3.614   3.553   3.896   3.792   3.704   3.772   3.732   3.711   3.584
1912.000   3.903   4.155   4.064   4.053   3.992   3.994   4.023   4.043   3.985   4.077   4.138   4.131   4.073   4.159   3.920   3.996   4.148
1913.000   3.731   3.903   3.858   3.953   3.881   3.885   3.873   3.907   3.944   3.888   3.908   3.896   3.844   3.915   3.852   3.798   3.702
1914.000   3.938   3.857   3.782   3.932   3.881   3.930   3.946   3.908   3.901   3.947   4.115   4.275   3.944   4.071   3.922   3.810   3.572
1915.000   3.818   4.024   4.107   4.110   3.974   4.004   3.949   4.038   4.037   3.997   4.132   4.115   3.846   3.709   4.021   4.063   4.143
1916.000   3.409   3.660   3.723   3.725   3.618   3.561   3.567   3.622   3.534   3.608   3.560   3.481   3.678   3.717   3.593   3.682   3.753
1917.000   3.717   3.786   3.902   3.821   3.835   3.730   3.781   3.767   3.711   3.766   3.763   3.691   3.900   3.644   3.544   3.797   3.669
1918.000   4.103   3.801   3.764   3.816   3.930   3.931   3.877   3.882   3.896   3.764   3.953   3.849   3.853   3.945   3.853   3.829   3.903
1919.000   3.881   3.623   3.653   3.617   3.614   3.675   3.742   3.652   3.607   3.622   3.672   3.780   3.728   3.977   3.809   3.722   3.574
1920.000   3.629   3.829   3.862   3.849   3.740   3.706   3.730   3.777   3.706   3.764   3.974   4.025   4.053   3.897   3.695   3.827   3.764
1921.000   3.868   3.799   3.754   3.800   3.790   3.713   3.752   3.761   3.735   3.892   3.827   3.808   3.825   3.732   3.787   3.869   3.554
1922.000   3.585   3.543   3.598   3.626   3.626   3.677   3.643   3.608   3.662   3.650   3.828   3.924   3.757   3.678   3.683   3.683   3.562
1923.000   3.757   3.823   3.737   3.780   3.772   3.753   3.687   3.699   3.664   3.676   3.781   3.902   3.937   3.728   3.681   3.740   3.771
1924.000   3.893   3.733   3.830   3.829   3.907   3.882   3.832   3.896   3.815   3.762   3.753   3.553   3.746   3.724   3.662   3.703   3.721
1925.000   3.850   4.020   3.998   3.958   3.937   3.910   3.933   3.931   3.961   3.990   3.922   4.050   4.264   4.167   3.797   3.882   4.011
1926.000   3.825   3.806   3.792   3.887   3.872   3.967   3.985   3.954   3.898   3.895   3.918   3.894   3.811   3.922   3.935   3.925   3.763
1927.000   3.865   3.871   3.938   3.861   3.964   3.928   3.924   3.923   3.913   3.974   3.961   4.051   4.101   3.994   3.803   3.975   3.975
1928.000   4.184   3.919   3.949   3.999   3.966   4.038   3.972   3.988   4.017   4.020   4.022   4.008   4.162   4.228   4.048   4.061   3.928
1929.000   3.689   3.695   3.759   3.761   3.843   3.851   3.805   3.823   3.840   3.831   3.862   3.837   3.895   3.836   3.731   3.766   3.938
1930.000   4.167   4.130   4.085   4.155   4.133   4.158   4.145   4.146   4.126   4.210   4.202   4.308   4.389   4.455   4.126   4.194   4.066
1931.000   3.745   3.748   3.689   3.693   3.767   3.799   3.757   3.742   3.725   3.842   3.744   3.804   3.976   3.679   3.618   3.717   3.527
1932.000   3.425   3.539   3.604   3.640   3.645   3.614   3.572   3.596   3.590   3.623   3.685   3.647   3.654   3.801   3.582   3.626   3.462
1933.000   3.535   3.695   3.816   3.802   3.739   3.720   3.726   3.757   3.672   3.709   3.789   3.823   3.825   3.828   3.616   3.729   3.780
1934.000   3.745   3.576   3.574   3.646   3.783   3.730   3.719   3.663   3.671   3.675   3.648   3.610   3.584   3.591   3.575   3.652   3.326
1935.000   4.083   4.005   4.070   4.131   4.224   4.202   4.229   4.205   4.096   4.112   4.109   4.100   4.244   4.165   3.863   4.117   4.094
1936.000   3.862   3.581   3.583   3.554   3.789   3.798   3.718   3.709   3.743   3.732   3.638   3.570   3.745   3.724   3.846   3.775   3.589
1937.000   3.799   3.658   3.673   3.707   3.819   3.836   3.820   3.809   3.828   3.731   3.749   3.642   3.631   3.737   3.768   3.761   3.755
1938.000   3.679   3.809   3.862   3.854   3.991   3.957   3.969   3.974   3.955   3.986   3.956   4.010   3.962   3.993   3.755   3.829   3.955
1939.000   3.835   3.912   3.987   3.978   3.917   3.764   3.766   3.780   3.808   3.967   3.880   3.894   4.130   4.071   3.708   3.913   3.975
1940.000   3.974   3.755   3.780   3.873   3.878   3.871   3.824   3.829   3.843   3.882   3.885   3.821   3.861   3.901   3.846   3.820   3.749
1941.000   3.865   3.685   3.732   3.834   3.762   3.747   3.701   3.728   3.769   3.845   3.766   3.869   3.918   3.820   3.889   3.851   3.767
1942.000   3.852   3.935   4.037   3.957   3.955   3.944   3.990   3.989   3.864   3.843   3.743   3.647   3.686   3.707   3.731   3.894   3.794
1943.000   3.398   3.292   3.259   3.217   3.256   3.223   3.227   3.250   3.239   3.135   3.386   3.360   3.333   3.234   3.361   3.406   3.217
1944.000   3.770   3.745   3.755   3.791   3.664   3.730   3.768   3.745   3.710   3.770   3.833   3.846   3.683   3.943   3.874   3.837   3.767
1945.000   3.807   3.918   4.144   4.125   3.999   3.926   3.956   4.025   3.967   4.038   3.834   3.818   3.873   4.074   3.898   3.995   4.013
1946.000   3.648   3.426   3.407   3.374   3.299   3.314   3.269   3.303   3.277   3.320   3.491   3.610   3.407   3.404   3.709   3.660   3.258
1947.000   3.612   3.513   3.547   3.570   3.679   3.649   3.632   3.642   3.626   3.646   3.523   3.539   3.742   3.584   3.583   3.623   3.465
1948.000   3.860   3.903   3.934   3.875   3.914   3.928   3.890   3.907   3.895   3.849   3.724   3.762   3.890   3.870   3.900   3.930   3.979
1949.000   4.025   3.762   3.865   3.910   3.953   3.959   3.906   3.913   3.886   3.889   3.762   3.775   3.880   4.006   3.760   3.779   3.850
1950.000   3.836   3.708   3.698   3.726   3.769   3.715   3.778   3.773   3.706   3.684   3.634   3.539   3.466   3.497   3.674   3.714   3.750
1951.000   3.776   3.738   3.733   3.759   3.646   3.631   3.676   3.678   3.661   3.624   3.663   3.793   3.658   3.874   3.782   3.754   3.733
1952.000   3.529   3.472   3.536   3.505   3.533   3.569   3.481   3.503   3.507   3.445   3.498   3.525   3.484   3.510   3.634   3.488   3.607
1953.000   3.594   3.423   3.500   3.423   3.396   3.378   3.347   3.380   3.469   3.422   3.496   3.490   3.426   3.499   3.736   3.627   3.540
1954.000   3.790   3.894   3.965   3.933   3.932   3.958   3.950   3.902   3.824   3.975   3.923   3.951   3.979   3.917   3.687   3.767   3.792
1955.000   3.825   3.746   3.799   3.669   3.625   3.716   3.741   3.686   3.626   3.526   3.606   3.617   3.555   3.731   3.628   3.510   3.683
1956.000   3.446   3.502   3.490   3.453   3.382   3.318   3.345   3.321   3.412   3.357   3.419   3.413   3.547   3.300   3.520   3.510   3.416
1957.000   3.767   3.827   3.850   3.797   3.827   3.850   3.798   3.815   3.863   3.835   3.860   3.974   3.800   3.783   3.854   3.725   3.916
1958.000   3.559   3.586   3.661   3.636   3.647   3.660   3.601   3.629   3.685   3.698   3.546   3.592   3.353   3.506   3.628   3.580   3.675
1959.000   3.792   3.623   3.743   3.780   3.880   3.911   3.855   3.836   3.854   3.981   3.726   3.740   3.882   3.962   3.733   3.769   3.841
1960.000   3.526   3.451   3.497   3.379   3.541   3.572   3.533   3.494   3.555   3.525   3.486   3.494   3.480   3.342   3.558   3.519   3.765
1961.000   3.656   3.777   3.889   3.881   3.772   3.761   3.765   3.789   3.784   3.822   3.867   3.858   3.753   3.771   3.736   3.822   4.100
1962.000   3.510   3.300   3.327   3.403   3.336   3.362   3.289   3.313   3.427   3.443   3.460   3.369   3.555   3.422   3.540   3.438   3.336
1963.000   3.907   3.951   3.797   3.723   3.717   3.719   3.786   3.729   3.628   3.747   3.829   3.962   3.791   3.658   3.716   3.755   3.976
1964.000   4.016   3.792   3.786   3.783   3.755   3.722   3.792   3.757   3.769   3.761   3.698   3.721   3.765   3.725   3.848   3.860   3.822
1965.000   3.855   3.819   3.852   3.852   3.853   3.916   3.891   3.826   3.899   3.895   3.893   3.917   3.813   3.953   3.914   3.817   3.928
1966.000   3.662   3.750   3.768   3.735   3.766   3.800   3.783   3.793   3.725   3.733   3.752   3.734   3.601   3.435   3.584   3.620   3.608
1967.000   3.758   3.712   3.780   3.721   3.742   3.827   3.813   3.788   3.870   3.833   3.793   3.863   3.686   3.417   3.759   3.737   3.823
1968.000   3.754   3.659   3.682   3.677   3.662   3.680   3.667   3.702   3.760   3.647   3.775   3.714   3.412   3.418   3.794   3.688   3.654
1969.000   3.460   3.600   3.595   3.586   3.628   3.619   3.584   3.600   3.610   3.676   3.585   3.607   3.678   3.570   3.579   3.526   3.550
1970.000   3.348   3.421   3.486   3.467   3.360   3.387   3.385   3.375   3.469   3.484   3.235   3.382   3.407   3.417   3.502   3.394   3.423
1971.000   3.606   3.783   3.849   3.741   3.681   3.756   3.803   3.749   3.795   3.640   3.703   3.594   3.603   3.644   3.798   3.709   3.946
1972.000   3.992   4.027   3.992   3.931   3.919   3.870   3.892   3.859   3.903   3.921   3.928   3.958   3.831   3.884   3.916   3.938   3.994
1973.000   3.727   3.858   3.863   3.874   3.892   3.957   3.925   3.956   3.878   3.752   3.852   3.839   3.628   3.551   3.748   3.699   3.899
1974.000   3.593   3.700   3.646   3.736   3.667   3.567   3.633   3.592   3.601   3.716   3.558   3.582   3.762   3.476   3.554   3.664   3.670
1975.000   3.805   3.898   4.026   3.984   3.905   3.826   3.857   3.869   3.910   3.965   3.801   3.771   3.742   3.800   3.793   3.873   3.731
1976.000   3.810   3.696   3.723   3.845   3.726   3.624   3.566   3.649   3.732   3.829   3.748   3.701   3.829   3.838   3.685   3.653   3.799
1977.000   3.672   3.789   3.680   3.716   3.647   3.697   3.735   3.685   3.773   3.678   3.691   3.761   3.837   3.886   3.867   3.723   3.904
1978.000   3.451   3.540   3.534   3.552   3.521   3.391   3.453   3.457   3.505   3.554   3.595   3.653   3.639   3.395   3.564   3.609   3.570
1979.000   3.685   3.681   3.721   3.721   3.674   3.668   3.692   3.700   3.714   3.726   3.756   3.732   3.595   3.715   3.724   3.649   3.780
1980.000   4.385   4.309   4.343   4.291   4.362   4.347   4.326   4.325   4.415   4.296   4.212   4.148   4.251   4.073   4.208   4.216   4.309
1981.000   3.816   3.952   3.909   3.927   3.866   3.833   3.892   3.862   3.814   3.771   3.815   3.734   3.692   3.740   3.810   3.904   3.878
1982.000   3.802   3.862   3.736   3.829   3.779   3.764   3.777   3.792   3.801   3.736   3.882   3.826   3.766   3.803   3.900   3.865   3.952
1983.000   3.595   3.642   3.569   3.561   3.645   3.629   3.595   3.624   3.632   3.644   3.616   3.575   3.594   3.749   3.735   3.644   3.646
1984.000   3.452   3.582   3.543   3.453   3.530   3.488   3.519   3.521   3.541   3.561   3.482   3.514   3.515   3.614   3.528   3.543   3.587
1985.000   3.482   3.298   3.319   3.332   3.309   3.300   3.298   3.301   3.280   3.331   3.364   3.310   3.357   3.441   3.462   3.393   3.370
1986.000   3.791   3.861   3.841   3.858   3.841   3.798   3.770   3.766   3.779   3.773   3.848   3.725   3.717   3.722   3.703   3.724   3.719
1987.000   4.126   4.166   4.093   4.121   4.108   4.069   4.110   4.129   4.169   4.148   4.010   4.013   4.064   4.045   4.037   3.962   3.937
1988.000   3.899   3.882   3.849   3.861   3.926   3.964   3.957   3.962   3.882   3.990   3.843   3.821   3.934   3.963   3.973   3.932   3.856
1989.000   3.257   3.359   3.255   3.249   3.320   3.334   3.346   3.340   3.404   3.296   3.345   3.387   3.404   3.322   3.413   3.324   3.294
1990.000   3.575   3.585   3.639   3.661   3.652   3.611   3.632   3.658   3.700   3.657   3.671   3.603   3.620   3.667   3.578   3.714   3.545
1991.000   3.998   3.839   3.763   3.723   3.743   3.764   3.768   3.759   3.754   3.792   3.726   3.798   3.849   3.983   3.850   3.841   3.768
1992.000   3.593   3.675   3.605   3.627   3.631   3.637   3.647   3.638   3.657   3.700   3.492   3.559   3.622   3.627   3.522   3.539   3.621
1993.000   3.711   3.708   3.737   3.763   3.795   3.747   3.767   3.742   3.719   3.753   3.771   3.625   3.675   3.775   3.729   3.796   3.595
1994.000   3.701   3.712   3.708   3.658   3.687   3.695   3.667   3.724   3.719   3.670   3.695   3.651   3.592   3.778   3.810   3.736   3.714
1995.000   3.776   3.815   3.757   3.767   3.863   3.905   3.881   3.849   3.821   3.826   3.721   3.798   3.830   3.738   3.722   3.701   3.882
1996.000   3.560   3.639   3.565   3.576   3.545   3.557   3.607   3.566   3.569   3.636   3.496   3.630   3.657   3.600   3.524   3.540   3.666
1997.000   4.158   4.107   4.105   4.149   4.027   4.096   4.097   4.121   4.003   3.964   4.047   4.083   4.008   4.090   3.824   3.858   4.099
1998.000   3.767   3.713   3.675   3.677   3.641   3.630   3.643   3.714   3.656   3.611   3.643   3.569   3.604   3.721   3.650   3.624   3.716
1999.000   3.674   3.752   3.658   3.640   3.584   3.560   3.620   3.590   3.585   3.595   3.661   3.567   3.676   3.641   3.532   3.582   3.614
2000.000   3.786   3.810   3.697   3.685   3.640   3.662   3.720   3.716   3.639   3.594   3.704   3.740   3.650   3.774   3.762   3.808   3.749
2001.000   3.475   3.455   3.437   3.457   3.490   3.461   3.415   3.429   3.476   3.451   3.445   3.341   3.345   3.418   3.482   3.419   3.538
2002.000   3.750   3.780   3.721   3.692   3.755   3.767   3.792   3.761   3.766   3.716   3.689   3.717   3.681   3.718   3.830   3.788   3.820
2003.000   3.361   3.377   3.384   3.340   3.355   3.429   3.397   3.378   3.413   3.388   3.440   3.478   3.514   3.466   3.561   3.441   3.401
2004.000   3.598   3.538   3.563   3.570   3.518   3.537   3.545   3.512   3.556   3.445   3.496   3.478   3.499   3.654   3.619   3.502   3.521
2005.000   3.796   3.773   3.801   3.726   3.736   3.803   3.803   3.775   3.704   3.648   3.791   3.799   3.729   3.809   3.645   3.595   3.815
2006.000   3.760   3.905   3.778   3.759   3.855   3.822   3.813   3.815   3.852   3.900   3.957   3.904   3.873   3.908   3.925   3.910   3.944
2007.000   3.762   3.639   3.651   3.701   3.793   3.780   3.781   3.816   3.785   3.710   3.624   3.655   3.716   3.748   3.718   3.660   3.779
2008.000   3.534   3.610   3.546   3.510   3.508   3.510   3.521   3.547   3.608   3.566   3.614   3.669   3.512   3.549   3.604   3.444   3.579
2009.000   3.570   3.636   3.631   3.667   3.588   3.583   3.557   3.612   3.623   3.631   3.797   3.825   3.673   3.566   3.826   3.825   3.667
2010.000   3.390   3.376   3.388   3.345   3.402   3.441   3.390   3.381   3.452   3.392   3.277   3.332   3.259   3.283   3.350   3.288   3.313
2011.000   3.824   3.792   3.784   3.808   3.706   3.675   3.724   3.704   3.770   3.772   3.701   3.677   3.754   3.794   3.858   3.886   3.827
2012.000   3.578   3.670   3.683   3.672   3.583   3.620   3.648   3.640   3.673   3.693   3.720   3.724   3.736   3.786   3.838   3.782   3.703
2013.000   3.751   3.756   3.564   3.604   3.675   3.708   3.710   3.691   3.691   3.665   3.714   3.672   3.720   3.696   3.898   3.814   3.661
2014.000   3.758   3.779   3.725   3.791   3.867   3.840   3.816   3.847   3.918   3.924   3.868   3.856   3.774   3.813   4.032   3.963   3.879
2015.000   3.895   3.959   3.870   3.867   3.866   3.836   3.871   3.880   3.861   3.914   3.764   3.876   3.879   3.984   3.918   3.812   3.962
2016.000   3.583   3.579   3.544   3.629   3.590   3.538   3.508   3.565   3.596   3.543   3.588   3.421   3.503   3.485   3.685   3.628   3.469
2017.000   3.565   3.557   3.471   3.442   3.463   3.539   3.565   3.506   3.569   3.528   3.426   3.494   3.401   3.457   3.797   3.621   3.552
2018.000   3.526   3.512   3.408   3.366   3.422   3.381   3.435   3.418   3.371   3.376   3.379   3.357   3.382   3.499   3.563   3.573   3.484
2019.000   3.858   3.748   3.660   3.676   3.666   3.684   3.647   3.677   3.694   3.763   3.723   3.749   3.872   3.784   3.841   3.833   3.897
2020.000   3.799   3.813   3.853   3.815   3.828   3.890   3.917   3.895   3.885   3.843   3.885   3.832   3.819   3.861   3.802   3.820   3.844
