 Year Weddell JJA
1905.000   3.958   4.082   4.112   4.018   4.093   4.093   4.078   3.928   3.876   4.087   4.096   4.245   4.076   4.363   3.984   4.059   4.148   4.079   4.065   3.920   3.961   4.057   4.101   4.084
1906.000   3.879   3.916   3.983   4.034   4.001   3.909   3.889   4.020   3.890   4.019   4.003   3.985   3.910   3.963   3.894   3.907   3.927   3.944   4.001   3.972   3.969   3.934   3.939   3.998
1907.000   3.772   3.748   3.723   3.701   3.730   3.631   3.641   3.723   3.687   3.687   3.611   3.602   3.605   3.612   3.762   3.713   3.749   3.623   3.684   3.681   3.713   3.726   3.795   3.788
1908.000   3.503   3.507   3.551   3.477   3.421   3.484   3.479   3.521   3.443   3.564   3.581   3.544   3.585   3.496   3.551   3.521   3.541   3.515   3.603   3.496   3.490   3.511   3.534   3.575
1909.000   3.655   3.727   3.700   3.617   3.735   3.683   3.731   3.754   3.787   3.780   3.964   3.975   3.785   3.805   3.910   3.784   3.774   3.810   3.862   3.854   3.827   3.860   3.803   3.901
1910.000   3.770   3.619   3.561   3.597   3.618   3.594   3.568   3.598   3.539   3.448   3.797   3.803   3.627   3.750   3.606   3.475   3.496   3.651   3.680   3.597   3.566   3.567   3.498   3.582
1911.000   3.556   3.496   3.440   3.417   3.482   3.592   3.584   3.439   3.516   3.549   3.660   3.703   3.605   3.576   3.653   3.615   3.620   3.672   3.625   3.672   3.636   3.680   3.633   3.661
1912.000   3.937   4.038   3.949   3.995   4.041   3.970   4.011   4.017   4.109   4.067   3.986   3.999   3.971   4.028   4.064   4.078   4.133   4.015   4.043   3.999   4.008   4.051   4.078   4.054
1913.000   3.628   3.897   3.799   3.797   3.804   3.790   3.786   3.791   3.833   3.822   3.932   3.949   3.820   3.728   3.872   3.834   3.846   3.780   3.771   3.798   3.802   3.836   3.880   3.841
1914.000   3.769   3.858   3.881   3.890   3.845   3.797   3.749   3.919   3.767   3.796   3.755   3.734   3.848   3.634   3.754   3.746   3.786   3.827   3.760   3.766   3.785   3.749   3.756   3.775
1915.000   3.957   4.179   4.171   4.216   4.243   4.092   4.129   4.181   4.191   4.274   4.384   4.374   4.034   4.404   4.153   4.243   4.248   4.109   4.451   4.190   4.216   4.198   4.263   4.261
1916.000   3.754   3.826   3.758   3.727   3.879   3.766   3.827   3.780   3.949   3.884   4.150   4.138   3.785   4.106   4.015   3.936   3.893   3.907   3.994   4.026   3.994   4.012   3.952   4.010
1917.000   3.332   3.371   3.336   3.319   3.314   3.349   3.378   3.337   3.384   3.309   3.578   3.563   3.423   3.318   3.461   3.405   3.397   3.345   3.460   3.358   3.366   3.398   3.470   3.442
1918.000   3.827   3.787   3.801   3.843   3.692   3.771   3.713   3.728   3.720   3.751   3.589   3.575   3.875   3.654   3.752   3.805   3.779   3.794   3.788   3.741   3.748   3.732   3.807   3.754
1919.000   3.897   4.054   3.954   4.007   3.919   3.955   3.878   3.933   3.911   3.924   3.621   3.615   3.915   3.788   3.795   3.835   3.838   3.937   3.850   3.882   3.837   3.823   3.805   3.793
1920.000   3.724   3.700   3.682   3.785   3.752   3.738   3.721   3.749   3.782   3.811   3.832   3.795   3.722   3.843   3.739   3.767   3.753   3.747   3.789   3.835   3.815   3.776   3.797   3.772
1921.000   3.810   3.903   3.749   3.882   3.855   3.808   3.760   3.854   3.946   3.858   3.835   3.829   3.815   3.754   3.860   3.820   3.849   3.881   3.944   3.870   3.840   3.837   3.826   3.818
1922.000   3.816   3.902   3.816   3.843   3.873   3.731   3.723   3.877   3.869   3.831   3.836   3.831   3.702   3.819   3.862   3.792   3.793   3.823   3.796   3.861   3.832   3.856   3.781   3.830
1923.000   3.787   3.678   3.665   3.759   3.662   3.619   3.583   3.730   3.795   3.769   3.722   3.665   3.854   3.577   3.731   3.724   3.694   3.813   3.717   3.741   3.733   3.686   3.644   3.685
1924.000   3.546   3.818   3.645   3.655   3.749   3.696   3.763   3.759   3.896   3.781   4.119   4.103   3.647   3.823   3.874   3.855   3.815   3.727   3.815   3.817   3.808   3.861   3.836   3.820
1925.000   3.736   3.612   3.611   3.621   3.586   3.608   3.585   3.625   3.688   3.666   3.648   3.619   3.678   3.536   3.701   3.658   3.625   3.659   3.596   3.731   3.709   3.695   3.665   3.689
1926.000   3.971   3.920   3.938   3.933   3.888   3.882   3.876   3.975   3.891   4.024   3.844   3.822   3.869   3.977   3.851   3.960   3.959   3.874   3.961   3.862   3.894   3.856   3.896   3.867
1927.000   3.862   3.726   3.785   3.751   3.716   3.694   3.707   3.816   3.719   3.773   3.965   3.945   3.728   3.904   3.820   3.816   3.823   3.710   3.786   3.756   3.777   3.777   3.837   3.821
1928.000   4.030   4.255   4.181   4.094   4.089   4.030   4.034   4.073   4.131   4.212   4.186   4.140   3.946   4.371   4.224   4.312   4.250   4.090   4.281   4.195   4.226   4.223   4.292   4.222
1929.000   3.796   4.072   4.012   3.946   3.910   3.875   3.880   3.917   3.982   3.989   4.076   4.074   3.885   4.072   3.985   4.033   4.022   3.869   4.005   3.922   3.938   3.974   4.035   3.995
1930.000   4.122   4.271   4.224   4.309   4.241   4.125   4.109   4.205   4.181   4.269   4.188   4.142   3.959   4.244   4.192   4.291   4.283   4.061   4.263   4.178   4.224   4.213   4.325   4.252
1931.000   3.840   3.637   3.737   3.700   3.582   3.609   3.655   3.710   3.624   3.754   3.577   3.483   3.734   3.614   3.630   3.761   3.736   3.700   3.731   3.503   3.584   3.538   3.635   3.615
1932.000   4.015   4.074   4.066   4.065   4.023   3.893   3.897   4.048   3.966   4.105   4.031   3.990   3.871   4.157   4.042   4.085   4.105   3.898   4.108   3.959   3.997   4.009   4.080   4.042
1933.000   3.679   3.696   3.636   3.705   3.753   3.624   3.635   3.718   3.689   3.793   3.745   3.752   3.580   3.977   3.789   3.744   3.753   3.717   3.783   3.783   3.777   3.797   3.790   3.827
1934.000   3.858   3.931   3.881   3.835   3.849   3.792   3.790   3.846   3.863   3.904   3.994   3.970   3.779   4.104   3.904   3.932   3.885   3.841   4.042   3.889   3.889   3.895   3.892   3.904
1935.000   3.729   3.793   3.823   3.797   3.738   3.747   3.724   3.807   3.725   3.778   3.841   3.861   3.777   3.742   3.746   3.786   3.794   3.668   3.761   3.715   3.731   3.740   3.795   3.767
1936.000   3.814   3.788   3.790   3.784   3.675   3.737   3.718   3.799   3.739   3.838   3.709   3.636   3.729   3.891   3.758   3.871   3.843   3.724   3.912   3.728   3.757   3.722   3.831   3.742
1937.000   3.545   3.548   3.543   3.576   3.567   3.505   3.508   3.542   3.489   3.612   3.575   3.559   3.532   3.655   3.526   3.544   3.540   3.541   3.523   3.547   3.554   3.538   3.545   3.573
1938.000   3.857   3.953   3.758   3.762   3.841   3.644   3.654   3.839   3.774   3.727   3.942   3.920   3.648   3.845   3.842   3.730   3.766   3.766   3.891   3.788   3.764   3.794   3.794   3.837
1939.000   4.094   4.183   4.192   4.099   4.009   3.985   3.951   4.092   4.057   4.009   4.116   4.071   4.157   3.858   4.105   4.071   4.064   4.026   4.022   3.984   4.013   3.996   4.074   4.053
1940.000   3.650   3.742   3.769   3.712   3.719   3.858   3.847   3.791   3.773   3.839   3.710   3.722   3.731   3.735   3.719   3.797   3.776   3.721   3.631   3.740   3.765   3.752   3.785   3.738
1941.000   3.781   3.698   3.705   3.683   3.635   3.754   3.768   3.673   3.764   3.778   3.785   3.748   3.900   3.734   3.690   3.764   3.720   3.811   3.627   3.690   3.714   3.682   3.678   3.693
1942.000   3.957   3.680   3.656   3.650   3.748   3.761   3.818   3.797   3.831   3.868   3.903   3.883   3.771   3.924   3.892   3.860   3.831   3.918   3.902   3.871   3.870   3.865   3.803   3.858
1943.000   3.633   3.423   3.508   3.404   3.380   3.519   3.523   3.488   3.454   3.445   3.625   3.620   3.665   3.572   3.529   3.487   3.488   3.535   3.539   3.447   3.423   3.476   3.471   3.458
1944.000   3.547   3.489   3.566   3.554   3.579   3.638   3.656   3.587   3.520   3.536   3.512   3.539   3.640   3.500   3.579   3.564   3.579   3.552   3.498   3.565   3.570   3.596   3.619   3.614
1945.000   4.134   4.213   4.121   4.094   4.151   4.088   4.125   4.112   4.139   4.230   4.439   4.434   3.928   4.402   4.289   4.247   4.233   4.091   4.152   4.203   4.213   4.252   4.288   4.248
1946.000   3.905   3.611   3.697   3.612   3.664   3.819   3.825   3.749   3.749   3.578   3.694   3.761   3.853   4.003   3.703   3.708   3.693   3.722   3.827   3.710   3.693   3.721   3.669   3.671
1947.000   3.697   3.780   3.843   3.769   3.762   3.892   3.891   3.792   3.763   3.789   3.954   3.943   3.889   4.010   3.824   3.813   3.799   3.849   3.809   3.762   3.775   3.785   3.758   3.774
1948.000   3.677   3.820   3.738   3.706   3.746   3.746   3.774   3.699   3.785   3.690   3.872   3.830   3.682   3.792   3.760   3.750   3.718   3.700   3.731   3.756   3.749   3.759   3.770   3.750
1949.000   3.886   4.032   4.017   3.942   3.955   3.985   3.999   3.933   4.046   3.903   3.896   3.908   3.877   4.101   4.015   4.016   3.984   3.828   3.926   3.944   3.936   4.000   4.044   3.966
1950.000   3.822   3.877   3.620   3.729   3.743   3.605   3.587   3.683   3.781   3.598   3.928   3.846   3.563   3.837   3.729   3.607   3.593   3.681   3.663   3.702   3.670   3.667   3.687   3.635
1951.000   3.651   3.623   3.637   3.732   3.681   3.690   3.646   3.663   3.662   3.580   3.534   3.557   3.727   3.708   3.612   3.594   3.547   3.649   3.638   3.677   3.658   3.634   3.606   3.590
1952.000   3.705   3.792   3.798   3.802   3.817   3.828   3.852   3.800   3.825   3.840   3.812   3.817   3.802   3.906   3.915   3.883   3.843   3.850   3.866   3.865   3.863   3.887   3.889   3.856
1953.000   3.724   3.896   3.861   3.888   3.886   3.879   3.876   3.769   3.895   3.913   3.957   3.961   3.920   4.033   3.872   3.880   3.878   3.962   3.911   3.904   3.878   3.894   3.843   3.847
1954.000   3.865   3.846   3.766   3.866   3.866   3.745   3.719   3.931   3.854   3.764   3.823   3.809   3.754   3.717   3.833   3.733   3.781   3.795   3.768   3.838   3.816   3.794   3.759   3.791
1955.000   3.576   3.541   3.453   3.530   3.572   3.479   3.478   3.590   3.576   3.388   3.605   3.615   3.585   3.502   3.589   3.417   3.416   3.581   3.472   3.621   3.569   3.562   3.486   3.547
1956.000   3.397   3.229   3.276   3.304   3.262   3.245   3.211   3.303   3.293   3.187   3.153   3.154   3.539   3.090   3.283   3.186   3.188   3.403   3.264   3.299   3.256   3.234   3.200   3.223
1957.000   3.692   3.724   3.807   3.901   3.868   3.804   3.779   3.808   3.728   3.842   3.693   3.695   3.807   3.788   3.759   3.740   3.775   3.833   3.813   3.842   3.848   3.795   3.795   3.826
1958.000   4.131   4.200   4.210   4.201   4.211   4.116   4.110   4.307   4.244   4.234   4.197   4.122   4.148   4.010   4.246   4.216   4.194   4.205   4.209   4.236   4.239   4.191   4.197   4.181
1959.000   3.997   4.145   4.026   4.129   4.088   3.984   3.950   4.105   4.094   4.050   4.135   4.067   3.854   4.167   4.029   4.032   4.021   3.941   4.038   4.095   4.095   4.047   4.141   4.060
1960.000   3.648   3.566   3.767   3.720   3.721   3.671   3.674   3.781   3.618   3.663   3.703   3.685   3.650   3.829   3.639   3.645   3.616   3.606   3.730   3.744   3.736   3.685   3.682   3.717
1961.000   3.718   3.765   3.798   3.872   3.821   3.800   3.799   3.847   3.746   3.742   3.736   3.746   3.792   3.807   3.804   3.740   3.731   3.788   3.818   3.799   3.803   3.793   3.767   3.837
1962.000   3.400   3.450   3.520   3.558   3.527   3.600   3.586   3.546   3.501   3.451   3.381   3.414   3.536   3.456   3.479   3.486   3.488   3.522   3.537   3.514   3.498   3.504   3.442   3.469
1963.000   3.768   3.574   3.664   3.707   3.689   3.651   3.635   3.716   3.642   3.645   3.630   3.605   3.672   3.488   3.610   3.557   3.561   3.631   3.491   3.644   3.634   3.607   3.583   3.609
1964.000   3.931   3.828   3.887   3.901   3.851   3.830   3.818   3.949   3.884   3.683   3.489   3.499   3.851   3.555   3.819   3.790   3.785   3.774   3.820   3.784   3.785   3.776   3.778   3.786
1965.000   3.650   3.584   3.689   3.722   3.696   3.698   3.660   3.697   3.578   3.588   3.340   3.378   3.692   3.511   3.537   3.512   3.547   3.617   3.485   3.581   3.589   3.559   3.545   3.565
1966.000   3.856   4.037   3.921   3.975   4.014   3.914   3.920   3.911   3.940   3.903   3.764   3.755   3.791   3.806   3.880   3.865   3.880   3.871   3.801   3.901   3.894   3.909   3.928   3.920
1967.000   3.832   3.873   3.731   3.818   3.802   3.795   3.745   3.770   3.763   3.727   3.583   3.568   3.595   3.717   3.732   3.689   3.714   3.725   3.667   3.734   3.728   3.736   3.766   3.701
1968.000   3.611   3.688   3.674   3.672   3.668   3.566   3.579   3.660   3.662   3.659   3.732   3.745   3.732   3.543   3.706   3.663   3.680   3.729   3.737   3.676   3.664   3.671   3.628   3.673
1969.000   3.829   3.874   3.810   3.923   3.919   3.893   3.894   3.931   3.918   3.869   3.663   3.653   3.779   3.614   3.867   3.871   3.874   3.843   3.762   3.875   3.888   3.875   3.906   3.848
1970.000   3.598   3.701   3.755   3.746   3.736   3.752   3.747   3.716   3.635   3.755   3.719   3.737   3.681   3.903   3.706   3.733   3.712   3.736   3.750   3.761   3.746   3.744   3.732   3.742
1971.000   3.542   3.456   3.460   3.461   3.435   3.438   3.435   3.415   3.376   3.499   3.609   3.587   3.468   3.470   3.602   3.536   3.544   3.538   3.536   3.522   3.512   3.557   3.582   3.576
1972.000   3.820   3.880   3.883   3.916   3.925   3.927   3.894   3.875   3.915   3.825   3.654   3.692   3.949   3.766   3.935   3.875   3.883   3.880   3.839   3.904   3.904   3.921   3.948   3.903
1973.000   4.071   3.975   3.851   3.918   4.056   3.881   3.909   4.007   3.912   3.911   3.869   3.841   3.727   3.902   4.010   3.897   3.915   3.958   3.897   4.051   4.026   4.015   3.982   4.035
1974.000   3.822   3.706   3.808   3.779   3.714   3.658   3.650   3.793   3.709   3.676   3.771   3.754   3.723   3.652   3.752   3.710   3.736   3.650   3.686   3.641   3.649   3.683   3.711   3.701
1975.000   3.865   3.913   3.802   3.923   3.909   3.805   3.810   3.933   3.939   3.793   4.021   3.973   3.756   3.860   3.951   3.868   3.876   3.781   3.918   3.880   3.872   3.889   3.930   3.902
1976.000   3.554   3.588   3.572   3.604   3.511   3.607   3.594   3.602   3.634   3.496   3.384   3.389   3.655   3.284   3.611   3.561   3.609   3.536   3.507   3.474   3.488   3.533   3.563   3.517
1977.000   3.564   3.422   3.501   3.481   3.500   3.587   3.558   3.539   3.471   3.509   3.441   3.513   3.623   3.307   3.468   3.428   3.456   3.533   3.367   3.532   3.495   3.508   3.425   3.471
1978.000   3.661   3.523   3.657   3.607   3.599   3.591   3.587   3.721   3.603   3.549   3.585   3.579   3.693   3.464   3.580   3.579   3.583   3.585   3.635   3.576   3.579   3.567   3.544   3.601
1979.000   3.798   3.633   3.638   3.651   3.672   3.664   3.710   3.675   3.704   3.766   3.776   3.751   3.680   3.713   3.767   3.757   3.776   3.742   3.747   3.742   3.754   3.755   3.761   3.782
1980.000   4.267   4.249   4.178   4.244   4.218   4.133   4.103   4.202   4.235   4.249   4.282   4.264   4.159   4.272   4.184   4.170   4.187   4.188   4.266   4.224   4.209   4.176   4.213   4.186
1981.000   3.878   3.823   3.871   3.889   3.800   3.789   3.748   3.808   3.687   3.783   3.733   3.742   3.859   3.798   3.652   3.675   3.723   3.760   3.820   3.718   3.697   3.673   3.722   3.732
1982.000   3.594   3.571   3.580   3.621   3.570   3.597   3.564   3.560   3.562   3.541   3.482   3.489   3.606   3.471   3.492   3.510   3.532   3.518   3.508   3.527   3.535   3.529   3.560   3.525
1983.000   3.633   3.644   3.651   3.633   3.615   3.609   3.671   3.615   3.702   3.786   3.588   3.555   3.704   3.590   3.596   3.704   3.691   3.658   3.698   3.580   3.602   3.596   3.623   3.610
1984.000   3.766   3.787   3.760   3.629   3.746   3.720   3.761   3.726   3.740   3.672   3.679   3.702   3.658   3.664   3.730   3.727   3.757   3.692   3.732   3.730   3.731   3.746   3.744   3.761
1985.000   3.693   3.594   3.575   3.552   3.572   3.580   3.564   3.583   3.662   3.605   3.714   3.696   3.632   3.564   3.607   3.591   3.594   3.606   3.591   3.652   3.604   3.605   3.547   3.569
1986.000   3.608   3.743   3.792   3.731   3.744   3.739   3.739   3.782   3.697   3.674   3.689   3.666   3.801   3.628   3.643   3.637   3.691   3.718   3.698   3.652   3.647   3.624   3.631   3.650
1987.000   3.968   3.932   3.964   3.919   3.993   4.046   4.070   3.888   3.976   3.949   3.908   3.930   3.923   3.906   3.881   3.934   3.971   3.935   3.895   3.947   3.959   3.951   3.918   3.928
1988.000   3.617   3.704   3.709   3.754   3.771   3.715   3.744   3.819   3.792   3.784   3.737   3.752   3.686   3.748   3.750   3.756   3.773   3.735   3.692   3.729   3.750   3.744   3.731   3.779
1989.000   3.386   3.384   3.412   3.309   3.319   3.346   3.352   3.319   3.312   3.407   3.332   3.307   3.415   3.364   3.397   3.342   3.352   3.430   3.294   3.319   3.311   3.326   3.302   3.316
1990.000   3.457   3.543   3.613   3.575   3.540   3.596   3.603   3.527   3.561   3.628   3.546   3.533   3.714   3.518   3.567   3.602   3.592   3.657   3.561   3.560   3.562   3.549   3.541   3.554
1991.000   4.139   4.099   4.104   4.099   4.142   4.108   4.103   4.047   4.131   3.968   3.914   3.951   4.097   3.991   4.009   4.004   4.019   4.066   4.031   4.032   4.019   4.028   3.984   3.984
1992.000   4.296   4.013   4.138   4.121   4.069   4.034   4.044   4.074   4.099   4.102   4.133   4.121   4.168   4.118   3.988   4.098   4.060   4.067   4.115   4.052   4.064   4.022   4.051   4.044
1993.000   3.670   3.513   3.536   3.571   3.575   3.695   3.697   3.553   3.573   3.594   3.527   3.544   3.669   3.503   3.455   3.564   3.581   3.636   3.554   3.529   3.550   3.525   3.509   3.512
1994.000   3.717   3.798   3.838   3.801   3.850   3.949   3.969   3.854   3.834   3.777   3.856   3.887   3.917   3.866   3.848   3.852   3.843   3.873   3.801   3.866   3.869   3.876   3.809   3.851
1995.000   3.831   3.681   3.779   3.671   3.716   3.771   3.802   3.744   3.747   3.720   3.846   3.857   3.898   3.694   3.725   3.742   3.699   3.753   3.727   3.732   3.743   3.730   3.659   3.735
1996.000   3.639   3.549   3.618   3.523   3.614   3.561   3.637   3.597   3.664   3.528   3.580   3.569   3.691   3.631   3.632   3.611   3.588   3.637   3.596   3.579   3.607   3.600   3.588   3.640
1997.000   3.776   3.597   3.661   3.660   3.643   3.743   3.706   3.578   3.582   3.678   3.657   3.725   3.718   3.647   3.565   3.620   3.609   3.647   3.618   3.664   3.658   3.667   3.618   3.634
1998.000   3.678   3.728   3.653   3.640   3.769   3.714   3.812   3.637   3.748   3.749   3.683   3.705   3.650   3.692   3.636   3.687   3.663   3.715   3.720   3.719   3.718   3.707   3.648   3.723
1999.000   3.366   3.194   3.262   3.318   3.352   3.372   3.389   3.288   3.348   3.241   3.163   3.191   3.336   3.317   3.264   3.250   3.248   3.308   3.275   3.316   3.302   3.321   3.263   3.329
2000.000   3.503   3.441   3.489   3.418   3.428   3.467   3.472   3.411   3.402   3.373   3.376   3.404   3.403   3.451   3.396   3.423   3.437   3.368   3.363   3.373   3.379   3.409   3.402   3.395
2001.000   3.814   3.822   3.759   3.758   3.793   3.790   3.803   3.742   3.836   3.748   3.816   3.835   3.672   3.834   3.779   3.810   3.804   3.698   3.771   3.776   3.774   3.806   3.789   3.741
2002.000   3.644   3.785   3.790   3.743   3.764   3.805   3.792   3.636   3.760   3.717   3.681   3.720   3.896   3.745   3.705   3.724   3.716   3.823   3.708   3.779   3.762   3.750   3.723   3.715
2003.000   3.741   3.771   3.713   3.690   3.757   3.807   3.797   3.740   3.804   3.762   3.727   3.775   3.739   3.755   3.785   3.812   3.774   3.818   3.718   3.849   3.836   3.844   3.784   3.796
2004.000   3.756   3.657   3.716   3.709   3.702   3.720   3.740   3.672   3.742   3.696   3.722   3.746   3.788   3.599   3.703   3.729   3.679   3.744   3.623   3.711   3.708   3.727   3.647   3.697
2005.000   3.731   3.850   3.900   3.837   3.935   3.878   3.907   3.886   3.828   3.826   3.783   3.825   3.780   3.825   3.840   3.856   3.833   3.866   3.824   3.930   3.940   3.917   3.862   3.912
2006.000   3.578   3.481   3.515   3.530   3.523   3.555   3.537   3.551   3.532   3.532   3.515   3.534   3.503   3.502   3.470   3.503   3.502   3.430   3.430   3.544   3.543   3.522   3.527   3.498
2007.000   3.754   3.680   3.647   3.646   3.688   3.670   3.671   3.666   3.747   3.695   3.677   3.691   3.776   3.727   3.739   3.705   3.706   3.779   3.736   3.737   3.738   3.728   3.702   3.730
2008.000   3.618   3.634   3.653   3.654   3.647   3.706   3.697   3.540   3.617   3.573   3.580   3.614   3.682   3.652   3.635   3.636   3.634   3.643   3.590   3.618   3.614   3.652   3.670   3.642
2009.000   3.672   3.546   3.612   3.631   3.619   3.757   3.717   3.569   3.600   3.612   3.570   3.598   3.713   3.649   3.620   3.598   3.564   3.667   3.545   3.685   3.680   3.640   3.630   3.607
2010.000   3.626   3.508   3.525   3.459   3.460   3.522   3.567   3.444   3.458   3.599   3.415   3.395   3.531   3.444   3.460   3.542   3.523   3.554   3.527   3.447   3.464   3.455   3.467   3.468
2011.000   3.587   3.528   3.525   3.529   3.451   3.493   3.484   3.440   3.482   3.468   3.498   3.519   3.458   3.544   3.395   3.501   3.522   3.388   3.529   3.365   3.396   3.406   3.493   3.385
2012.000   3.555   3.689   3.731   3.712   3.663   3.845   3.813   3.644   3.685   3.747   3.630   3.687   3.687   3.699   3.701   3.730   3.713   3.695   3.668   3.735   3.719   3.744   3.724   3.674
2013.000   3.511   3.536   3.519   3.551   3.539   3.643   3.623   3.517   3.541   3.592   3.526   3.548   3.575   3.474   3.518   3.595   3.555   3.641   3.547   3.623   3.619   3.570   3.559   3.529
2014.000   3.721   3.655   3.696   3.726   3.702   3.711   3.685   3.671   3.664   3.745   3.657   3.664   3.651   3.722   3.605   3.672   3.705   3.717   3.664   3.614   3.645   3.618   3.649   3.601
2015.000   3.646   3.746   3.753   3.719   3.703   3.940   3.927   3.687   3.750   3.791   3.665   3.691   3.835   3.735   3.765   3.788   3.772   3.811   3.693   3.746   3.761   3.766   3.791   3.707
2016.000   3.966   3.875   3.813   3.848   3.870   3.910   3.908   3.873   3.906   3.985   3.930   3.922   3.896   3.935   3.815   3.876   3.888   3.997   3.869   3.902   3.906   3.845   3.831   3.828
2017.000   3.666   3.665   3.666   3.613   3.653   3.758   3.761   3.638   3.651   3.678   3.660   3.674   3.669   3.579   3.585   3.658   3.663   3.689   3.592   3.644   3.641   3.629   3.611   3.564
2018.000   3.488   3.546   3.580   3.554   3.505   3.681   3.664   3.478   3.489   3.535   3.409   3.434   3.628   3.450   3.508   3.519   3.533   3.620   3.469   3.511   3.509   3.518   3.477   3.466
2019.000   3.664   3.739   3.838   3.848   3.821   3.942   3.971   3.786   3.824   3.818   3.771   3.792   3.893   3.708   3.778   3.833   3.857   3.829   3.772   3.755   3.770   3.792   3.763   3.775
2020.000   3.883   3.623   3.839   3.737   3.772   3.888   3.919   3.780   3.589   3.743   3.664   3.727   3.649   3.712   3.734   3.736   3.782   3.695   3.680   3.698   3.723   3.761   3.751   3.766
