 Year Weddell MAM
1905.000   2.441   2.546   2.736   2.829   2.170   2.690   2.162   2.423   2.444   2.347   2.353   2.557   2.446   2.699
1906.000   2.409   2.647   2.819   2.791   2.580   2.558   2.441   2.550   2.497   2.566   2.585   2.295   2.241   2.347
1907.000   2.003   2.610   2.446   2.032   2.315   2.258   2.254   2.125   1.852   1.902   1.909   2.113   2.035   2.052
1908.000   2.202   2.904   2.887   2.847   3.057   2.532   2.646   2.602   2.338   2.488   2.514   2.319   2.215   2.363
1909.000   2.077   2.343   2.565   2.521   2.022   2.122   1.721   2.080   2.268   2.244   2.239   2.197   2.207   2.403
1910.000   1.894   2.312   2.168   2.308   2.289   2.239   2.216   2.073   2.147   2.147   2.146   2.198   2.254   2.200
1911.000   2.281   2.500   2.459   2.408   2.434   2.105   1.878   1.984   2.272   2.242   2.266   2.030   1.996   2.269
1912.000   2.313   2.336   2.424   2.459   2.370   2.631   2.435   2.593   2.573   2.586   2.569   2.507   2.539   2.439
1913.000   2.659   2.788   2.654   2.577   2.939   2.506   2.977   2.887   2.458   2.405   2.393   2.645   2.727   2.421
1914.000   1.937   2.184   2.215   2.401   2.352   2.083   2.203   2.315   2.103   2.162   2.186   2.176   2.093   2.089
1915.000   2.422   2.493   2.408   2.119   2.237   2.118   2.374   2.483   2.400   2.276   2.276   2.391   2.474   2.369
1916.000   2.146   2.482   2.167   1.896   2.319   2.228   2.017   2.183   2.378   2.293   2.331   2.254   2.301   2.336
1917.000   2.132   1.855   1.879   1.832   2.190   2.346   2.518   2.182   2.257   2.334   2.308   2.293   2.408   2.138
1918.000   2.257   2.515   2.619   2.374   2.506   2.461   2.372   2.293   2.370   2.439   2.433   2.285   2.298   2.400
1919.000   2.686   2.330   2.697   2.741   2.669   2.310   2.352   2.450   2.427   2.551   2.558   2.505   2.555   2.532
1920.000   2.690   2.287   2.538   2.514   2.542   2.472   2.556   2.507   2.466   2.526   2.518   2.554   2.597   2.494
1921.000   2.602   2.122   2.116   1.829   2.536   2.517   2.735   2.689   2.760   2.792   2.798   2.561   2.654   2.358
1922.000   1.975   2.108   2.251   2.250   2.513   2.250   2.526   2.081   2.484   2.471   2.488   2.106   2.181   2.327
1923.000   2.000   1.561   1.669   1.822   1.925   1.917   2.103   2.096   2.182   2.249   2.259   2.058   2.125   2.073
1924.000   2.676   2.781   3.015   2.846   3.167   2.786   2.657   2.567   2.521   2.527   2.545   2.560   2.665   2.680
1925.000   2.257   1.820   1.985   2.146   2.113   2.150   2.334   2.081   2.241   2.293   2.281   2.167   2.256   2.163
1926.000   2.094   1.596   1.732   1.860   1.651   2.173   2.075   2.273   2.326   2.417   2.439   2.151   2.088   2.108
1927.000   2.274   1.748   2.173   2.393   2.109   2.386   2.305   2.002   2.409   2.522   2.528   2.222   2.328   2.243
1928.000   2.451   3.248   3.121   2.662   2.829   2.372   2.182   2.253   2.179   2.253   2.292   2.193   2.110   2.445
1929.000   2.132   2.031   1.973   2.288   2.044   2.339   2.142   1.972   2.394   2.393   2.413   2.210   2.313   2.393
1930.000   2.725   2.385   2.289   2.364   2.161   2.494   2.263   2.332   2.558   2.641   2.637   2.480   2.534   2.596
1931.000   2.409   1.678   2.185   2.559   1.920   2.585   2.409   2.223   2.356   2.504   2.481   2.357   2.414   2.447
1932.000   2.381   2.011   1.858   2.037   1.976   2.413   1.990   2.611   2.433   2.456   2.455   2.396   2.365   2.264
1933.000   1.991   2.111   2.170   2.358   2.327   1.931   2.289   2.108   2.209   2.156   2.160   2.172   2.237   2.183
1934.000   2.389   2.847   2.713   2.563   2.434   2.408   2.321   2.595   2.462   2.381   2.367   2.391   2.468   2.374
1935.000   2.257   3.029   3.010   2.810   2.861   2.420   2.387   2.318   2.152   2.175   2.182   2.213   2.152   2.318
1936.000   2.217   2.537   2.410   2.358   2.374   2.297   2.180   2.272   2.263   2.346   2.354   2.105   2.069   2.255
1937.000   1.930   1.751   1.722   1.809   1.736   1.847   2.073   2.064   2.001   1.956   1.922   2.160   2.225   2.151
1938.000   1.870   2.607   2.584   2.435   2.669   1.968   2.046   1.926   1.914   1.857   1.873   2.117   2.152   2.320
1939.000   1.976   1.966   2.108   2.260   2.103   2.135   2.248   2.101   2.383   2.337   2.310   2.229   2.354   2.272
1940.000   2.175   2.101   2.247   2.299   2.085   2.342   2.326   2.536   2.327   2.349   2.328   2.491   2.448   2.377
1941.000   2.339   2.553   2.666   2.664   2.296   2.498   2.455   2.479   2.060   2.142   2.134   2.536   2.406   2.559
1942.000   2.372   2.605   2.658   2.686   2.727   2.332   2.501   2.384   2.486   2.521   2.530   2.363   2.405   2.492
1943.000   2.368   2.247   2.453   2.483   2.485   2.302   2.729   2.391   2.595   2.559   2.555   2.502   2.641   2.535
1944.000   2.397   1.821   2.130   2.393   1.925   2.290   2.098   1.986   1.999   2.029   2.009   2.117   2.073   2.247
1945.000   2.720   1.819   2.127   2.650   2.007   2.377   2.054   1.850   2.514   2.531   2.520   2.349   2.491   2.703
1946.000   2.225   2.131   2.174   2.342   2.243   2.063   2.217   2.206   2.093   2.022   2.007   2.338   2.386   2.349
1947.000   1.966   1.993   2.128   2.468   2.203   2.121   2.046   2.041   2.220   2.191   2.190   2.152   2.153   2.181
1948.000   2.539   2.590   2.708   2.786   2.742   2.415   2.762   2.302   2.267   2.260   2.233   2.453   2.489   2.563
1949.000   2.792   2.631   2.680   2.600   2.702   2.589   2.885   2.276   2.606   2.535   2.502   2.543   2.669   2.707
1950.000   2.444   1.521   1.790   2.176   1.754   2.283   2.489   2.308   2.478   2.453   2.419   2.387   2.572   2.378
1951.000   2.081   2.058   1.908   2.225   2.004   2.025   2.137   2.164   2.175   2.116   2.107   2.196   2.180   2.125
1952.000   2.724   2.261   2.354   2.228   2.345   2.356   2.623   2.442   2.493   2.422   2.390   2.553   2.694   2.589
1953.000   2.631   2.147   2.150   2.348   1.993   2.310   2.514   2.297   2.368   2.289   2.257   2.400   2.424   2.476
1954.000   2.074   1.381   1.641   1.777   1.708   2.158   2.285   2.133   2.265   2.284   2.275   2.287   2.335   2.186
1955.000   1.885   1.312   1.473   1.575   1.749   1.922   2.107   1.909   2.059   2.046   2.045   1.879   1.964   1.842
1956.000   1.554   2.334   1.974   1.967   2.350   1.845   2.203   2.071   1.948   1.900   1.892   1.910   1.902   1.810
1957.000   1.895   1.004   1.076   1.274   1.237   1.755   1.752   1.900   1.974   1.943   1.948   1.777   1.783   1.701
1958.000   2.401   2.471   2.651   2.493   2.624   2.469   2.703   2.539   2.412   2.432   2.450   2.425   2.355   2.401
1959.000   2.284   3.057   2.743   2.285   2.665   2.336   2.480   2.327   2.271   2.293   2.298   2.210   2.265   2.254
1960.000   2.133   1.532   1.898   1.916   1.890   2.315   2.379   2.164   2.399   2.439   2.425   2.080   2.095   2.125
1961.000   2.041   2.371   2.100   1.960   2.190   2.232   2.312   2.199   2.217   2.183   2.192   2.118   2.096   2.093
1962.000   1.931   1.567   1.463   1.589   1.815   2.041   2.028   2.133   2.318   2.338   2.355   2.043   2.068   1.979
1963.000   2.252   2.062   2.019   1.838   1.826   2.417   2.444   2.089   2.247   2.277   2.266   2.144   2.178   2.075
1964.000   2.252   2.550   2.489   2.452   2.809   2.141   2.443   2.327   2.205   2.237   2.241   2.234   2.317   2.212
1965.000   1.456   1.246   1.447   1.617   0.957   1.827   1.588   1.948   1.907   1.850   1.827   1.791   1.758   1.708
1966.000   2.200   3.166   2.504   2.184   2.650   2.258   2.325   2.314   1.953   1.900   1.933   2.231   2.129   2.207
1967.000   2.060   1.787   1.680   1.883   1.649   1.802   1.686   1.864   2.074   2.013   2.004   2.105   2.085   2.030
1968.000   1.673   1.826   1.711   2.014   1.934   1.607   1.814   2.003   2.071   2.095   2.122   1.988   2.017   1.968
1969.000   1.762   1.633   1.721   1.643   1.695   1.762   2.011   1.687   1.861   1.816   1.805   1.903   1.900   1.937
1970.000   2.286   2.115   2.185   2.271   2.238   2.344   2.250   2.077   2.247   2.308   2.341   2.186   2.164   2.279
1971.000   1.374   2.443   2.105   1.866   2.348   1.683   1.749   1.583   1.741   1.699   1.716   1.558   1.528   1.727
1972.000   1.900   1.819   1.549   1.729   1.877   2.075   2.249   1.949   2.198   2.082   2.071   2.016   1.980   2.024
1973.000   2.006   2.240   2.048   2.012   2.396   2.066   2.322   2.045   2.166   2.134   2.146   2.152   2.213   2.187
1974.000   1.852   3.154   2.771   2.357   2.612   2.081   2.122   2.083   1.946   1.884   1.848   1.944   1.984   2.113
1975.000   2.052   2.121   2.055   2.120   2.062   1.938   1.797   1.772   1.846   1.887   1.887   2.098   2.031   2.174
1976.000   1.815   2.766   2.416   2.347   2.487   2.028   2.236   2.373   2.176   2.076   2.021   2.436   2.389   2.267
1977.000   1.575   1.531   1.317   1.737   1.720   1.682   1.488   1.626   1.822   1.802   1.806   1.765   1.676   1.729
1978.000   2.176   2.127   1.989   2.002   2.091   2.032   1.719   2.139   2.199   2.259   2.282   2.221   2.093   2.087
1979.000   2.229   2.389   2.342   2.289   2.190   2.197   2.095   2.251   2.177   2.152   2.151   2.189   2.194   2.211
1980.000   2.097   2.307   2.291   2.267   2.143   2.183   2.029   2.309   2.360   2.329   2.336   2.209   2.173   2.308
1981.000   1.939   1.627   1.586   1.564   1.646   1.812   1.796   1.755   1.972   1.971   2.005   1.895   1.838   1.941
1982.000   2.009   1.958   1.982   1.989   1.941   1.964   1.968   1.927   1.861   1.854   1.847   1.903   1.826   1.921
1983.000   2.270   2.396   2.236   2.295   2.268   2.168   2.039   2.311   2.175   2.193   2.197   2.276   2.173   2.182
1984.000   2.073   1.844   1.848   1.991   1.852   2.075   2.072   2.050   2.044   2.016   2.001   2.175   2.131   2.114
1985.000   1.884   1.803   1.758   1.535   1.704   1.764   1.744   1.943   1.777   1.734   1.745   1.737   1.762   1.692
1986.000   1.844   1.750   1.696   1.756   1.708   1.718   1.671   1.805   1.742   1.761   1.784   1.845   1.786   1.855
1987.000   2.104   2.051   2.017   1.999   2.014   2.087   2.064   2.251   2.025   1.984   2.003   2.143   2.023   2.181
1988.000   1.754   1.993   2.036   2.102   1.991   2.147   1.944   2.098   1.974   2.029   2.027   2.046   2.043   1.977
1989.000   2.057   2.162   2.129   2.147   2.006   2.285   2.224   2.225   2.265   2.250   2.239   2.164   2.171   2.172
1990.000   1.776   2.020   2.029   1.873   1.877   2.025   1.796   2.008   1.879   1.937   1.942   2.027   1.973   1.963
1991.000   2.478   2.491   2.554   2.405   2.556   2.145   2.283   2.313   2.156   2.134   2.143   2.241   2.215   2.222
1992.000   2.592   2.846   2.828   2.638   2.709   2.568   2.564   2.726   2.477   2.499   2.500   2.539   2.481   2.483
1993.000   1.946   2.307   2.258   2.289   2.073   2.123   1.896   2.212   1.983   1.978   1.961   2.215   2.071   2.008
1994.000   2.594   2.199   2.373   2.284   2.167   2.260   2.145   2.164   2.207   2.107   2.101   2.215   2.200   2.303
1995.000   2.317   2.360   2.101   2.089   2.251   2.282   2.258   2.303   2.030   2.068   2.065   2.268   2.172   2.218
1996.000   2.271   2.065   2.076   2.039   2.092   2.103   2.106   2.008   2.028   2.032   2.023   1.883   1.881   1.980
1997.000   2.180   2.314   2.175   2.111   2.094   2.054   1.987   2.162   2.114   2.051   2.048   2.132   2.029   2.043
1998.000   2.174   2.052   2.128   2.085   2.155   2.261   2.011   2.082   1.999   2.011   2.043   2.265   2.193   2.103
1999.000   1.658   1.591   1.604   1.619   1.598   1.698   1.566   1.563   1.665   1.627   1.639   1.643   1.647   1.598
2000.000   1.999   1.835   1.857   1.905   1.853   1.953   1.859   1.885   1.886   1.884   1.859   1.906   1.914   1.823
2001.000   2.421   2.313   2.200   2.184   2.380   2.404   2.295   2.349   2.265   2.252   2.240   2.283   2.359   2.263
2002.000   2.038   1.934   2.003   2.034   1.934   1.954   1.800   1.818   1.663   1.647   1.638   1.983   1.887   1.981
2003.000   2.612   2.440   2.463   2.189   2.372   2.274   2.353   2.409   2.190   2.205   2.211   2.311   2.336   2.266
2004.000   2.559   2.543   2.501   2.475   2.447   2.389   2.452   2.568   2.353   2.383   2.369   2.437   2.477   2.360
2005.000   1.995   1.895   2.091   1.963   1.872   1.894   1.889   1.948   1.794   1.754   1.751   2.028   1.985   1.954
2006.000   1.868   1.875   1.936   1.931   1.816   1.791   1.825   1.792   1.780   1.784   1.784   1.519   1.621   1.581
2007.000   2.101   2.180   1.938   1.896   2.100   1.825   1.955   1.929   1.833   1.860   1.891   2.038   1.942   1.945
2008.000   2.590   2.489   2.449   2.263   2.491   2.378   2.496   2.301   2.290   2.258   2.276   2.195   2.212   2.069
2009.000   2.302   2.148   2.072   2.071   2.012   1.961   1.992   2.090   1.997   1.964   1.961   1.888   1.866   1.743
2010.000   2.202   2.257   2.189   2.223   2.260   2.108   2.036   2.111   2.074   2.104   2.095   2.175   2.096   2.148
2011.000   1.988   1.872   1.893   1.773   1.836   1.975   1.891   1.915   1.981   1.965   1.906   1.994   2.057   1.907
2012.000   2.579   2.306   2.265   2.164   2.307   2.331   2.340   2.370   2.414   2.393   2.383   2.121   2.082   2.098
2013.000   2.394   2.347   2.295   2.367   2.294   2.474   2.136   2.441   2.315   2.369   2.383   2.286   2.254   2.023
2014.000   2.332   2.506   2.446   2.286   2.370   2.376   2.486   2.611   2.297   2.264   2.241   2.346   2.377   2.182
2015.000   2.651   2.530   2.375   2.330   2.502   2.322   2.379   2.331   2.190   2.210   2.218   2.373   2.268   2.271
2016.000   2.222   2.137   2.139   1.846   2.118   2.303   2.222   2.171   2.092   2.096   2.115   2.169   2.024   2.119
2017.000   2.215   2.018   2.038   1.959   1.960   2.098   2.048   2.151   2.018   2.042   2.038   1.970   2.004   1.974
2018.000   1.938   1.699   1.750   1.926   1.670   1.740   1.600   1.806   1.784   1.803   1.838   1.737   1.676   1.760
2019.000   1.803   1.683   1.774   1.877   1.570   2.046   1.671   1.868   1.818   1.849   1.887   1.903   1.880   1.934
2020.000   2.070   2.241   2.251   2.353   2.205   2.252   2.229   2.389   2.309   2.303   2.306   2.211   2.222   2.138
