Year Observed_Sea_Ice_Extent Best_Fit_Recon Ensemble_Mean_Recon 95%_Lower_CI 95%_Upper_CI
NOTE: Sea Ice Extent is in 10^6 km^2
1905 -999.900    1.354    1.221    0.945    1.496
1906 -999.900    1.487    1.401    1.026    1.776
1907 -999.900    1.125    1.131    0.900    1.361
1908 -999.900    1.093    1.138    0.926    1.349
1909 -999.900    1.301    1.263    1.010    1.516
1910 -999.900    1.337    1.114    0.795    1.462
1911 -999.900    0.949    0.875    0.460    1.290
1912 -999.900    1.209    1.258    0.965    1.551
1913 -999.900    1.380    1.287    1.133    1.505
1914 -999.900    1.521    1.361    1.095    1.646
1915 -999.900    1.411    1.296    1.007    1.585
1916 -999.900    0.996    1.026    0.700    1.352
1917 -999.900    0.981    0.980    0.572    1.388
1918 -999.900    1.368    1.353    1.221    1.493
1919 -999.900    1.133    1.085    0.799    1.371
1920 -999.900    1.235    1.222    1.008    1.435
1921 -999.900    1.266    1.173    0.897    1.449
1922 -999.900    1.079    1.149    0.691    1.607
1923 -999.900    1.442    1.351    1.045    1.656
1924 -999.900    1.104    1.123    0.659    1.587
1925 -999.900    1.194    1.135    0.762    1.509
1926 -999.900    1.059    1.101    0.766    1.437
1927 -999.900    1.169    1.210    0.746    1.674
1928 -999.900    0.934    1.022    0.746    1.299
1929 -999.900    1.108    1.156    0.923    1.390
1930 -999.900    1.337    1.211    0.852    1.569
1931 -999.900    0.748    0.797    0.555    1.040
1932 -999.900    1.149    1.231    1.024    1.421
1933 -999.900    1.153    1.212    1.003    1.421
1934 -999.900    1.261    1.230    0.938    1.522
1935 -999.900    1.259    1.278    1.057    1.499
1936 -999.900    1.099    1.254    0.974    1.531
1937 -999.900    1.277    1.259    1.113    1.404
1938 -999.900    0.994    1.068    0.857    1.279
1939 -999.900    1.093    1.192    0.968    1.356
1940 -999.900    1.261    1.317    1.021    1.613
1941 -999.900    1.191    1.260    1.039    1.481
1942 -999.900    0.923    0.968    0.798    1.102
1943 -999.900    1.007    1.119    0.802    1.437
1944 -999.900    1.110    1.238    0.908    1.568
1945 -999.900    1.134    1.192    0.916    1.468
1946 -999.900    0.944    1.006    0.673    1.338
1947 -999.900    1.180    1.107    0.711    1.504
1948 -999.900    1.280    1.257    1.097    1.416
1949 -999.900    1.056    1.111    0.931    1.232
1950 -999.900    1.322    1.281    1.155    1.447
1951 -999.900    1.161    1.275    1.036    1.499
1952 -999.900    0.943    1.190    0.803    1.577
1953 -999.900    1.312    1.285    1.021    1.550
1954 -999.900    1.143    1.175    0.936    1.415
1955 -999.900    1.152    1.173    0.866    1.481
1956 -999.900    0.830    1.041    0.705    1.350
1957 -999.900    1.278    1.343    1.132    1.554
1958 -999.900    1.127    1.238    1.002    1.473
1959 -999.900    1.245    1.397    0.998    1.796
1960 -999.900    0.991    1.045    0.827    1.262
1961 -999.900    1.334    1.325    1.090    1.561
1962 -999.900    1.305    1.287    0.990    1.583
1963 -999.900    1.348    1.271    1.087    1.473
1964 -999.900    1.217    1.208    1.027    1.389
1965 -999.900    1.290    1.313    1.114    1.513
1966 -999.900    1.425    1.401    1.130    1.671
1967 -999.900    1.293    1.317    1.102    1.531
1968 -999.900    1.243    1.276    0.990    1.561
1969 -999.900    1.327    1.371    1.202    1.489
1970 -999.900    1.489    1.368    0.985    1.752
1971 -999.900    1.189    1.196    0.906    1.486
1972 -999.900    1.338    1.351    1.110    1.593
1973 -999.900    1.465    1.239    0.968    1.590
1974 -999.900    1.322    1.282    0.976    1.589
1975 -999.900    1.402    1.266    0.988    1.544
1976 -999.900    1.379    1.387    1.164    1.611
1977 -999.900    1.484    1.468    1.305    1.632
1978 -999.900    1.100    1.108    0.855    1.361
1979    1.302    1.246    1.185    1.071    1.371
1980    1.342    1.268    1.329    1.143    1.450
1981    1.049    1.164    1.159    1.035    1.289
1982    1.289    1.263    1.241    1.134    1.388
1983    1.055    1.085    1.161    0.960    1.286
1984    1.184    1.248    1.149    0.999    1.373
1985    1.090    1.094    1.106    0.969    1.219
1986    1.570    1.634    1.501    1.345    1.759
1987    1.254    1.246    1.221    1.055    1.387
1988    1.030    1.042    0.995    0.894    1.167
1989    0.983    1.074    1.087    0.915    1.259
1990    1.310    1.465    1.362    1.240    1.590
1991    1.476    1.395    1.432    1.270    1.546
1992    1.051    1.070    1.137    0.945    1.272
1993    1.195    1.300    1.278    1.165    1.425
1994    1.295    1.272    1.318    1.147    1.417
1995    1.436    1.467    1.391    1.261    1.592
1996    1.249    1.269    1.250    1.120    1.394
1997    1.362    1.365    1.294    1.106    1.490
1998    0.868    0.951    0.992    0.826    1.120
1999    1.208    1.139    1.121    0.943    1.300
2000    1.094    1.036    1.037    0.911    1.161
2001    1.096    1.209    1.119    0.959    1.334
2002    1.412    1.421    1.419    1.296    1.546
2003    1.076    1.149    1.123    1.012    1.274
2004    1.219    1.169    1.172    1.044    1.294
2005    1.379    1.341    1.304    1.193    1.466
2006    1.016    1.070    1.138    0.945    1.248
2007    1.056    1.071    1.148    0.946    1.259
2008    1.078    1.102    1.132    0.977    1.227
2009    1.248    1.348    1.336    1.201    1.473
2010    1.284    1.195    1.195    1.070    1.320
2011    1.330    1.341    1.312    1.207    1.466
2012    1.208    1.225    1.217    1.100    1.350
2013    1.342    1.374    1.327    1.215    1.499
2014    1.352    1.244    1.227    1.107    1.369
2015    1.497    1.463    1.431    1.306    1.588
2016    1.051    1.023    1.050    0.898    1.148
2017    1.042    1.132    1.118    1.007    1.257
2018    1.366    1.313    1.303    1.188    1.438
2019    1.194    1.180    1.158    1.055    1.305
2020    1.002    1.082    1.102    0.957    1.216
