Year Observed_Sea_Ice_Extent Best_Fit_Recon Ensemble_Mean_Recon 95%_Lower_CI 95%_Upper_CI
NOTE: Sea Ice Extent is in 10^6 km^2
1905 -999.900    0.780    0.691    0.475    0.922
1906 -999.900    0.683    0.629    0.473    0.825
1907 -999.900    0.353    0.384    0.153    0.615
1908 -999.900    0.500    0.512    0.358    0.661
1909 -999.900    0.761    0.656    0.456    0.903
1910 -999.900    0.456    0.434    0.287    0.598
1911 -999.900    0.457    0.478    0.315    0.599
1912 -999.900    0.658    0.603    0.412    0.800
1913 -999.900    0.593    0.562    0.387    0.737
1914 -999.900    0.635    0.659    0.493    0.783
1915 -999.900    0.680    0.656    0.533    0.822
1916 -999.900    0.549    0.454    0.330    0.691
1917 -999.900    0.435    0.451    0.290    0.612
1918 -999.900    0.437    0.459    0.295    0.595
1919 -999.900    0.564    0.538    0.376    0.706
1920 -999.900    0.530    0.547    0.313    0.781
1921 -999.900    0.638    0.497    0.182    0.812
1922 -999.900    0.576    0.495    0.326    0.718
1923 -999.900    0.899    0.771    0.440    1.101
1924 -999.900    0.361    0.377    0.089    0.665
1925 -999.900    0.451    0.474    0.245    0.703
1926 -999.900    0.698    0.673    0.431    0.915
1927 -999.900    0.590    0.569    0.448    0.732
1928 -999.900    0.154    0.344    0.012    0.579
1929 -999.900    0.660    0.583    0.456    0.802
1930 -999.900    0.554    0.579    0.412    0.717
1931 -999.900    0.393    0.578    0.251    0.823
1932 -999.900    0.542    0.599    0.400    0.684
1933 -999.900    0.745    0.673    0.431    0.915
1934 -999.900    0.563    0.482    0.344    0.705
1935 -999.900    0.584    0.483    0.279    0.726
1936 -999.900    0.509    0.525    0.367    0.652
1937 -999.900    0.696    0.632    0.340    0.924
1938 -999.900    0.473    0.443    0.209    0.677
1939 -999.900    0.421    0.495    0.279    0.680
1940 -999.900    0.869    0.786    0.584    1.011
1941 -999.900    0.468    0.536    0.326    0.663
1942 -999.900    0.543    0.593    0.401    0.727
1943 -999.900    0.601    0.532    0.347    0.743
1944 -999.900    0.485    0.547    0.343    0.707
1945 -999.900    0.627    0.623    0.446    0.799
1946 -999.900    0.555    0.543    0.413    0.697
1947 -999.900    0.422    0.502    0.280    0.630
1948 -999.900    0.477    0.498    0.335    0.619
1949 -999.900    0.336    0.364    0.052    0.676
1950 -999.900    0.446    0.533    0.294    0.772
1951 -999.900    0.416    0.479    0.274    0.584
1952 -999.900    0.568    0.570    0.426    0.710
1953 -999.900    0.591    0.610    0.449    0.733
1954 -999.900    0.397    0.446    0.183    0.709
1955 -999.900    0.506    0.423    0.149    0.698
1956 -999.900    0.199    0.296    0.057    0.490
1957 -999.900    0.583    0.592    0.441    0.725
1958 -999.900    0.474    0.603    0.332    0.741
1959 -999.900    0.291    0.413    0.149    0.639
1960 -999.900    0.617    0.610    0.475    0.759
1961 -999.900    0.573    0.478    0.339    0.715
1962 -999.900    0.542    0.483    0.374    0.684
1963 -999.900    0.270    0.381    0.128    0.615
1964 -999.900    0.574    0.546    0.423    0.716
1965 -999.900    0.753    0.719    0.330    1.109
1966 -999.900    0.447    0.507    0.305    0.659
1967 -999.900    0.555    0.548    0.368    0.728
1968 -999.900    0.631    0.630    0.489    0.773
1969 -999.900    0.570    0.578    0.428    0.712
1970 -999.900    0.531    0.515    0.389    0.673
1971 -999.900    0.305    0.362    0.163    0.465
1972 -999.900    0.356    0.426    0.214    0.576
1973 -999.900    0.587    0.637    0.445    0.780
1974 -999.900    0.334    0.358    0.192    0.487
1975 -999.900    0.621    0.604    0.479    0.763
1976 -999.900    0.447    0.477    0.305    0.596
1977 -999.900    0.711    0.701    0.569    0.853
1978 -999.900    0.481    0.463    0.339    0.623
1979    0.744    0.677    0.601    0.491    0.819
1980    0.814    0.664    0.666    0.522    0.806
1981    0.666    0.600    0.520    0.424    0.742
1982    0.782    0.532    0.587    0.390    0.674
1983    0.597    0.583    0.580    0.441    0.725
1984    0.557    0.589    0.546    0.447    0.731
1985    0.492    0.554    0.523    0.412    0.696
1986    0.644    0.589    0.612    0.447    0.731
1987    0.763    0.719    0.641    0.516    0.861
1988    0.616    0.555    0.520    0.413    0.697
1989    0.359    0.359    0.400    0.217    0.501
1990    0.469    0.469    0.437    0.327    0.611
1991    0.445    0.478    0.477    0.336    0.620
1992    0.554    0.509    0.492    0.367    0.651
1993    0.544    0.564    0.533    0.422    0.706
1994    0.465    0.472    0.425    0.330    0.614
1995    0.555    0.475    0.474    0.333    0.617
1996    0.461    0.420    0.439    0.278    0.562
1997    0.549    0.577    0.537    0.435    0.719
1998    0.451    0.427    0.423    0.285    0.569
1999    0.412    0.297    0.332    0.155    0.439
2000    0.470    0.317    0.359    0.175    0.459
2001    0.410    0.393    0.435    0.251    0.586
2002    0.598    0.533    0.517    0.391    0.675
2003    0.427    0.467    0.418    0.325    0.609
2004    0.478    0.574    0.501    0.382    0.716
2005    0.708    0.682    0.601    0.523    0.824
2006    0.481    0.390    0.430    0.248    0.532
2007    0.397    0.461    0.449    0.319    0.603
2008    0.329    0.352    0.338    0.210    0.494
2009    0.380    0.397    0.440    0.255    0.548
2010    0.323    0.410    0.406    0.255    0.557
2011    0.541    0.350    0.416    0.208    0.514
2012    0.436    0.377    0.406    0.235    0.519
2013    0.305    0.259    0.340    0.117    0.426
2014    0.526    0.531    0.532    0.389    0.673
2015    0.466    0.436    0.462    0.294    0.578
2016    0.612    0.548    0.585    0.406    0.691
2017    0.300    0.387    0.413    0.245    0.532
2018    0.542    0.515    0.485    0.373    0.657
2019    0.536    0.513    0.511    0.371    0.655
2020    0.422    0.392    0.422    0.250    0.574
