Year Observed_Sea_Ice_Extent Best_Fit_Recon Ensemble_Mean_Recon 95%_Lower_CI 95%_Upper_CI
NOTE: Sea Ice Extent is in 10^6 km^2
1905 -999.900    2.629    2.594    2.420    2.768
1906 -999.900    2.607    2.690    2.515    2.800
1907 -999.900    2.887    2.749    2.385    3.113
1908 -999.900    2.625    2.661    2.533    2.786
1909 -999.900    2.532    2.623    2.375    2.871
1910 -999.900    2.816    2.730    2.625    2.908
1911 -999.900    2.861    2.880    2.769    2.975
1912 -999.900    2.689    2.624    2.429    2.819
1913 -999.900    2.640    2.631    2.484    2.778
1914 -999.900    2.825    2.709    2.567    2.917
1915 -999.900    2.785    2.715    2.521    2.910
1916 -999.900    2.661    2.724    2.569    2.816
1917 -999.900    2.785    2.678    2.464    2.891
1918 -999.900    2.683    2.725    2.424    3.025
1919 -999.900    2.579    2.624    2.487    2.752
1920 -999.900    2.693    2.736    2.601    2.839
1921 -999.900    2.725    2.790    2.593    2.987
1922 -999.900    2.650    2.705    2.558    2.849
1923 -999.900    2.602    2.530    2.408    2.694
1924 -999.900    2.868    2.790    2.644    2.960
1925 -999.900    2.592    2.587    2.335    2.838
1926 -999.900    2.839    2.649    2.187    3.110
1927 -999.900    2.597    2.684    2.127    3.241
1928 -999.900    2.725    2.732    2.517    2.947
1929 -999.900    2.527    2.554    2.435    2.665
1930 -999.900    2.862    2.683    2.401    2.965
1931 -999.900    2.716    2.732    2.612    2.851
1932 -999.900    2.659    2.582    2.192    2.971
1933 -999.900    2.748    2.758    2.656    2.840
1934 -999.900    2.743    2.792    2.432    3.152
1935 -999.900    2.670    2.611    2.523    2.762
1936 -999.900    2.707    2.702    2.512    2.892
1937 -999.900    2.749    2.769    2.657    2.871
1938 -999.900    2.713    2.730    2.621    2.805
1939 -999.900    2.445    2.153    1.333    2.972
1940 -999.900    2.742    2.617    2.466    2.834
1941 -999.900    2.721    2.605    2.466    2.813
1942 -999.900    2.665    2.750    2.573    2.863
1943 -999.900    2.558    2.641    2.439    2.843
1944 -999.900    2.689    2.599    2.411    2.786
1945 -999.900    2.703    2.680    2.509    2.850
1946 -999.900    2.526    2.567    2.330    2.804
1947 -999.900    2.532    2.517    2.392    2.642
1948 -999.900    2.749    2.793    2.504    3.083
1949 -999.900    2.521    2.625    2.429    2.734
1950 -999.900    2.817    2.824    2.725    2.909
1951 -999.900    2.839    2.782    2.650    2.931
1952 -999.900    2.545    2.708    2.453    2.951
1953 -999.900    2.539    2.583    2.256    2.910
1954 -999.900    2.795    2.717    2.404    3.030
1955 -999.900    2.780    2.733    2.597    2.872
1956 -999.900    2.776    2.791    2.577    3.004
1957 -999.900    2.759    2.633    2.246    3.019
1958 -999.900    2.698    2.637    2.506    2.790
1959 -999.900    2.926    2.883    2.575    3.192
1960 -999.900    2.664    2.718    2.572    2.812
1961 -999.900    2.565    2.653    2.396    2.909
1962 -999.900    2.707    2.807    2.585    3.029
1963 -999.900    2.644    2.643    2.552    2.736
1964 -999.900    2.600    2.658    2.324    2.992
1965 -999.900    2.704    2.707    2.536    2.877
1966 -999.900    2.627    2.669    2.535    2.774
1967 -999.900    2.884    2.733    2.458    3.009
1968 -999.900    2.563    2.609    2.471    2.715
1969 -999.900    2.764    2.765    2.562    2.969
1970 -999.900    2.557    2.669    2.465    2.856
1971 -999.900    2.704    2.878    2.612    3.122
1972 -999.900    2.587    2.537    2.387    2.688
1973 -999.900    2.668    2.674    2.576    2.760
1974 -999.900    2.602    2.576    2.399    2.753
1975 -999.900    2.713    2.662    2.554    2.805
1976 -999.900    2.647    2.590    2.430    2.749
1977 -999.900    2.706    2.660    2.514    2.807
1978 -999.900    2.766    2.739    2.582    2.896
1979    2.528    2.595    2.630    2.503    2.700
1980    2.553    2.437    2.514    2.345    2.592
1981    2.599    2.632    2.561    2.422    2.724
1982    2.933    2.867    2.852    2.775    2.959
1983    2.866    2.847    2.814    2.746    2.939
1984    2.812    2.755    2.775    2.660    2.891
1985    2.723    2.620    2.763    2.528    2.909
1986    2.595    2.561    2.546    2.469    2.653
1987    2.518    2.536    2.577    2.444    2.640
1988    2.627    2.628    2.693    2.536    2.790
1989    2.515    2.562    2.636    2.470    2.757
1990    2.721    2.651    2.690    2.550    2.830
1991    2.463    2.460    2.444    2.314    2.574
1992    2.647    2.557    2.649    2.465    2.769
1993    2.791    2.814    2.774    2.695    2.906
1994    2.693    2.675    2.727    2.583    2.815
1995    2.443    2.441    2.522    2.349    2.664
1996    2.752    2.688    2.694    2.587    2.801
1997    2.729    2.707    2.748    2.615    2.852
1998    2.839    2.809    2.849    2.717    2.901
1999    2.954    2.834    2.826    2.742    2.926
2000    2.831    2.774    2.818    2.682    2.901
2001    2.748    2.765    2.749    2.673    2.857
2002    2.377    2.397    2.493    2.305    2.607
2003    2.790    2.712    2.768    2.620    2.891
2004    2.440    2.434    2.590    2.342    2.753
2005    2.839    2.795    2.811    2.703    2.887
2006    2.708    2.727    2.755    2.635    2.859
2007    2.641    2.667    2.697    2.575    2.786
2008    2.645    2.628    2.653    2.536    2.728
2009    2.594    2.654    2.594    2.515    2.746
2010    2.511    2.498    2.580    2.395    2.765
2011    2.881    2.914    2.785    2.627    3.006
2012    2.735    2.703    2.670    2.606    2.795
2013    2.926    2.896    2.809    2.651    2.988
2014    2.883    2.845    2.841    2.673    3.010
2015    2.658    2.649    2.605    2.519    2.741
2016    2.779    2.782    2.725    2.644    2.874
2017    2.636    2.662    2.634    2.556    2.754
2018    2.529    2.509    2.621    2.417    2.808
2019    2.576    2.620    2.558    2.484    2.712
2020    2.564    2.601    2.656    2.474    2.839
