Year Observed_Sea_Ice_Extent Best_Fit_Recon Ensemble_Mean_Recon 95%_Lower_CI 95%_Upper_CI
NOTE: Sea Ice Extent is in 10^6 km^2
1905 -999.900    1.333    1.333    1.237    1.430
1906 -999.900    1.143    1.221    1.045    1.398
1907 -999.900    1.197    1.235    1.023    1.447
1908 -999.900    1.439    1.374    1.240    1.527
1909 -999.900    1.561    1.383    1.075    1.691
1910 -999.900    1.564    1.477    1.274    1.681
1911 -999.900    1.608    1.478    1.290    1.696
1912 -999.900    1.065    1.159    0.977    1.292
1913 -999.900    1.167    1.231    1.079    1.366
1914 -999.900    1.336    1.322    1.223    1.424
1915 -999.900    1.075    1.158    0.987    1.264
1916 -999.900    1.455    1.382    1.212    1.551
1917 -999.900    1.338    1.406    1.208    1.605
1918 -999.900    1.289    1.310    1.196    1.423
1919 -999.900    0.987    1.173    0.899    1.386
1920 -999.900    1.112    1.296    1.024    1.514
1921 -999.900    1.138    1.354    1.050    1.648
1922 -999.900    1.157    1.221    1.047    1.396
1923 -999.900    1.067    1.065    0.967    1.163
1924 -999.900    1.422    1.333    1.121    1.546
1925 -999.900    1.054    1.141    0.966    1.242
1926 -999.900    1.210    1.152    0.979    1.325
1927 -999.900    0.959    1.159    0.871    1.401
1928 -999.900    1.056    1.217    0.966    1.468
1929 -999.900    1.304    1.259    1.098    1.421
1930 -999.900    1.258    1.287    1.158    1.417
1931 -999.900    1.394    1.358    1.234    1.482
1932 -999.900    1.069    1.106    0.910    1.301
1933 -999.900    1.240    1.233    1.073    1.393
1934 -999.900    1.364    1.406    1.263    1.550
1935 -999.900    1.046    1.152    0.958    1.279
1936 -999.900    0.961    1.154    0.873    1.414
1937 -999.900    0.953    1.071    0.865    1.212
1938 -999.900    1.234    1.199    1.089    1.322
1939 -999.900    1.149    1.204    1.060    1.348
1940 -999.900    0.996    1.090    0.908    1.209
1941 -999.900    1.147    1.282    1.059    1.468
1942 -999.900    1.307    1.310    1.189    1.431
1943 -999.900    1.287    1.315    1.122    1.508
1944 -999.900    1.555    1.485    1.290    1.681
1945 -999.900    1.210    1.228    1.086    1.370
1946 -999.900    1.052    1.101    0.964    1.223
1947 -999.900    1.309    1.298    1.185    1.410
1948 -999.900    1.400    1.361    1.220    1.501
1949 -999.900    1.143    1.185    1.055    1.274
1950 -999.900    1.106    1.151    1.000    1.302
1951 -999.900    1.416    1.401    1.260    1.542
1952 -999.900    1.266    1.213    1.116    1.354
1953 -999.900    1.286    1.258    1.140    1.375
1954 -999.900    1.125    1.097    0.995    1.213
1955 -999.900    1.294    1.146    0.981    1.382
1956 -999.900    1.287    1.231    1.152    1.375
1957 -999.900    1.376    1.263    1.156    1.464
1958 -999.900    1.258    1.229    1.154    1.346
1959 -999.900    1.308    1.236    1.163    1.396
1960 -999.900    1.533    1.341    1.128    1.621
1961 -999.900    1.224    1.158    1.089    1.312
1962 -999.900    1.358    1.243    1.056    1.446
1963 -999.900    1.231    1.220    1.137    1.319
1964 -999.900    1.218    1.182    1.076    1.306
1965 -999.900    0.968    0.999    0.826    1.171
1966 -999.900    1.170    1.193    1.082    1.259
1967 -999.900    1.168    1.223    1.080    1.330
1968 -999.900    1.356    1.295    1.121    1.469
1969 -999.900    0.891    0.977    0.715    1.240
1970 -999.900    1.249    1.165    0.993    1.337
1971 -999.900    1.131    1.211    0.999    1.422
1972 -999.900    1.002    1.107    0.848    1.366
1973 -999.900    1.250    1.167    0.999    1.338
1974 -999.900    1.223    1.247    1.058    1.436
1975 -999.900    1.300    1.204    1.064    1.388
1976 -999.900    1.179    1.215    1.091    1.335
1977 -999.900    1.133    1.073    0.941    1.221
1978 -999.900    1.489    1.395    1.266    1.577
1979    1.327    1.301    1.317    1.213    1.398
1980    0.877    0.820    0.863    0.732    0.979
1981    1.192    1.186    1.172    1.098    1.274
1982    1.323    1.286    1.256    1.150    1.374
1983    1.139    1.097    1.110    1.009    1.207
1984    1.104    1.122    1.147    1.034    1.249
1985    1.145    1.147    1.104    1.000    1.235
1986    0.832    0.804    0.890    0.716    1.037
1987    1.000    0.999    0.986    0.881    1.091
1988    1.139    1.140    1.165    1.052    1.266
1989    1.350    1.294    1.305    1.206    1.382
1990    1.160    1.149    1.172    1.061    1.262
1991    1.089    1.049    1.067    0.961    1.158
1992    1.299    1.294    1.268    1.202    1.382
1993    1.145    1.149    1.171    1.061    1.258
1994    1.360    1.347    1.328    1.259    1.435
1995    1.309    1.297    1.317    1.199    1.436
1996    1.333    1.351    1.282    1.200    1.439
1997    1.370    1.354    1.342    1.257    1.442
1998    1.383    1.424    1.397    1.305    1.512
1999    1.401    1.437    1.411    1.336    1.525
2000    1.315    1.349    1.346    1.261    1.437
2001    1.280    1.254    1.243    1.166    1.342
2002    1.061    1.075    1.082    0.987    1.163
2003    1.239    1.242    1.290    1.154    1.417
2004    1.172    1.246    1.197    1.104    1.334
2005    1.332    1.367    1.306    1.213    1.455
2006    1.102    1.182    1.168    1.045    1.290
2007    1.162    1.220    1.259    1.132    1.364
2008    1.399    1.437    1.399    1.346    1.525
2009    1.239    1.272    1.235    1.118    1.360
2010    1.286    1.298    1.256    1.176    1.386
2011    1.189    1.323    1.308    1.235    1.411
2012    1.232    1.277    1.252    1.189    1.365
2013    1.591    1.708    1.597    1.387    1.806
2014    1.490    1.502    1.398    1.238    1.590
2015    1.457    1.449    1.415    1.318    1.537
2016    1.399    1.469    1.403    1.287    1.557
2017    1.228    1.255    1.211    1.081    1.343
2018    1.192    1.251    1.214    1.144    1.339
2019    1.042    1.156    1.189    1.068    1.288
2020    1.334    1.375    1.377    1.287    1.463
