Year Observed_Sea_Ice_Extent Best_Fit_Recon Ensemble_Mean_Recon 95%_Lower_CI 95%_Upper_CI
NOTE: Sea Ice Extent is in 10^6 km^2
1905 -999.900    0.977    0.756    0.362    1.151
1906 -999.900    0.891    0.872    0.622    1.122
1907 -999.900    1.071    1.063    0.852    1.275
1908 -999.900    1.054    0.959    0.785    1.185
1909 -999.900    1.075    0.843    0.514    1.206
1910 -999.900    1.239    1.086    0.860    1.370
1911 -999.900    1.175    0.996    0.753    1.306
1912 -999.900    0.886    0.764    0.490    1.038
1913 -999.900    1.067    0.943    0.728    1.198
1914 -999.900    0.918    1.012    0.659    1.364
1915 -999.900    0.976    0.846    0.613    1.107
1916 -999.900    0.992    0.855    0.633    1.123
1917 -999.900    1.394    1.223    0.995    1.525
1918 -999.900    0.978    1.019    0.792    1.246
1919 -999.900    0.792    0.767    0.560    0.974
1920 -999.900    0.841    0.915    0.692    1.137
1921 -999.900    1.157    1.058    0.742    1.374
1922 -999.900    0.933    0.918    0.712    1.124
1923 -999.900    0.906    0.858    0.632    1.084
1924 -999.900    1.218    0.938    0.622    1.349
1925 -999.900    0.774    0.848    0.643    1.039
1926 -999.900    0.420    0.652    0.289    0.867
1927 -999.900    0.692    0.887    0.561    1.112
1928 -999.900    1.144    1.150    0.887    1.413
1929 -999.900    0.810    0.872    0.646    1.097
1930 -999.900    0.822    0.835    0.655    1.016
1931 -999.900    0.832    0.917    0.701    1.123
1932 -999.900    0.472    0.716    0.341    1.065
1933 -999.900    0.706    0.754    0.575    0.914
1934 -999.900    0.806    0.891    0.647    1.135
1935 -999.900    0.879    0.945    0.748    1.054
1936 -999.900    0.429    0.802    0.298    1.272
1937 -999.900    0.601    0.740    0.470    0.965
1938 -999.900    0.919    0.821    0.580    1.062
1939 -999.900    0.838    0.778    0.616    0.969
1940 -999.900    0.648    0.645    0.473    0.816
1941 -999.900    0.604    0.701    0.421    0.981
1942 -999.900    0.733    0.688    0.536    0.864
1943 -999.900    0.899    0.822    0.613    1.030
1944 -999.900    0.614    0.785    0.441    1.129
1945 -999.900    0.652    0.779    0.514    1.044
1946 -999.900    0.876    0.842    0.630    1.053
1947 -999.900    0.864    0.926    0.655    1.198
1948 -999.900    1.007    0.897    0.732    1.138
1949 -999.900    0.911    0.841    0.615    1.067
1950 -999.900    0.911    0.899    0.683    1.116
1951 -999.900    0.763    0.894    0.597    1.191
1952 -999.900    0.950    0.935    0.690    1.180
1953 -999.900    0.807    0.861    0.579    1.143
1954 -999.900    0.838    0.861    0.627    1.094
1955 -999.900    0.754    0.822    0.614    1.031
1956 -999.900    0.925    1.002    0.727    1.277
1957 -999.900    0.581    0.840    0.450    1.108
1958 -999.900    0.818    0.747    0.513    0.981
1959 -999.900    0.971    0.873    0.693    1.102
1960 -999.900    0.886    0.813    0.614    1.017
1961 -999.900    0.919    0.829    0.678    1.050
1962 -999.900    0.771    0.916    0.640    1.157
1963 -999.900    1.019    1.024    0.867    1.182
1964 -999.900    1.064    0.915    0.778    1.195
1965 -999.900    0.629    0.744    0.498    0.957
1966 -999.900    0.977    0.821    0.608    1.108
1967 -999.900    0.854    0.943    0.723    1.069
1968 -999.900    0.899    0.844    0.701    1.030
1969 -999.900    0.710    0.795    0.579    0.996
1970 -999.900    0.718    0.773    0.581    0.965
1971 -999.900    1.176    1.113    0.917    1.309
1972 -999.900    1.044    0.991    0.846    1.175
1973 -999.900    1.219    0.961    0.635    1.350
1974 -999.900    1.193    1.132    0.972    1.324
1975 -999.900    0.864    0.921    0.733    1.071
1976 -999.900    1.153    0.967    0.755    1.284
1977 -999.900    0.583    0.627    0.452    0.799
1978 -999.900    0.860    0.879    0.726    1.032
1979    0.833    0.798    0.849    0.667    0.967
1980    0.645    0.623    0.662    0.492    0.780
1981    0.752    0.806    0.829    0.675    0.937
1982    0.881    0.859    0.916    0.728    1.020
1983    0.621    0.622    0.611    0.486    0.753
1984    0.839    0.923    0.888    0.751    1.054
1985    0.751    0.710    0.768    0.579    0.887
1986    0.823    0.798    0.850    0.667    0.948
1987    0.585    0.620    0.670    0.489    0.792
1988    0.676    0.746    0.775    0.615    0.922
1989    0.965    1.010    1.024    0.879    1.146
1990    0.983    0.973    0.925    0.822    1.104
1991    0.871    0.868    0.863    0.737    0.999
1992    0.662    0.712    0.768    0.581    0.846
1993    1.060    0.938    0.904    0.807    1.069
1994    0.933    0.946    0.894    0.780    1.077
1995    1.041    0.980    1.000    0.849    1.118
1996    0.902    0.830    0.952    0.699    1.063
1997    0.693    0.803    0.838    0.672    0.993
1998    0.749    0.667    0.716    0.536    0.847
1999    0.957    0.998    1.066    0.867    1.166
2000    1.285    1.235    1.187    1.057    1.366
2001    0.820    0.928    0.886    0.778    1.059
2002    0.856    0.814    0.899    0.683    1.016
2003    0.769    0.707    0.800    0.576    0.929
2004    0.878    0.874    0.810    0.702    1.005
2005    0.751    0.768    0.771    0.637    0.904
2006    0.918    0.839    0.884    0.708    1.008
2007    1.005    1.009    0.996    0.850    1.142
2008    1.182    1.159    1.183    1.028    1.290
2009    1.198    1.334    1.147    0.913    1.465
2010    0.871    0.811    0.875    0.680    0.980
2011    1.060    1.185    1.184    1.054    1.316
2012    1.143    1.062    1.031    0.878    1.193
2013    1.046    1.136    1.049    0.866    1.267
2014    1.266    1.131    1.076    0.869    1.283
2015    1.189    1.208    1.060    0.807    1.339
2016    0.757    0.809    0.806    0.678    0.940
2017    0.654    0.689    0.773    0.558    0.902
2018    0.724    0.780    0.842    0.649    0.968
2019    0.804    0.803    0.840    0.672    0.936
2020    0.810    0.905    0.929    0.774    1.074
