Year Observed_Sea_Ice_Extent Best_Fit_Recon Ensemble_Mean_Recon 95%_Lower_CI 95%_Upper_CI
NOTE: Sea Ice Extent is in 10^6 km^2
1905 -999.900    1.431    1.535    0.998    2.073
1906 -999.900    1.910    2.139    1.527    2.750
1907 -999.900    1.951    2.197    1.680    2.568
1908 -999.900    1.968    2.049    1.599    2.498
1909 -999.900    1.486    1.680    1.215    2.091
1910 -999.900    1.602    2.020    1.098    2.942
1911 -999.900    1.713    1.889    1.319    2.459
1912 -999.900    1.317    1.372    0.992    1.752
1913 -999.900    1.622    1.666    1.351    1.974
1914 -999.900    1.506    1.775    1.120    2.429
1915 -999.900    1.815    1.851    1.526    2.176
1916 -999.900    1.469    1.832    0.962    2.702
1917 -999.900    2.727    2.510    1.916    3.104
1918 -999.900    1.930    2.045    1.626    2.465
1919 -999.900    1.643    1.760    1.336    2.183
1920 -999.900    1.820    1.799    1.429    2.169
1921 -999.900    1.769    1.989    1.432    2.546
1922 -999.900    1.604    1.903    1.333    2.273
1923 -999.900    1.576    2.023    1.091    2.954
1924 -999.900    2.309    2.215    1.749    2.681
1925 -999.900    2.188    2.247    1.706    2.789
1926 -999.900    1.681    1.738    1.409    2.068
1927 -999.900    1.800    1.815    1.216    2.414
1928 -999.900    2.385    2.300    1.919    2.682
1929 -999.900    1.355    1.815    1.084    2.488
1930 -999.900    1.538    1.656    1.133    2.179
1931 -999.900    1.598    1.446    0.609    2.284
1932 -999.900    1.788    1.689    1.463    2.059
1933 -999.900    2.108    1.867    1.441    2.379
1934 -999.900    2.359    2.027    1.661    2.630
1935 -999.900    2.250    2.117    1.619    2.616
1936 -999.900    1.446    1.696    1.137    2.256
1937 -999.900    2.275    2.152    1.701    2.604
1938 -999.900    2.077    1.991    1.665    2.348
1939 -999.900    1.422    1.453    0.944    1.962
1940 -999.900    1.874    1.795    1.427    2.162
1941 -999.900    2.030    1.739    1.339    2.301
1942 -999.900    1.238    1.335    0.952    1.718
1943 -999.900    1.844    1.660    1.217    2.115
1944 -999.900    2.383    2.088    1.547    2.654
1945 -999.900    1.205    1.395    0.925    1.866
1946 -999.900    1.449    1.500    1.038    1.962
1947 -999.900    1.638    1.427    0.937    1.916
1948 -999.900    2.362    2.128    1.755    2.633
1949 -999.900    1.758    1.710    1.172    2.249
1950 -999.900    2.106    1.953    1.503    2.403
1951 -999.900    1.960    1.753    1.353    2.231
1952 -999.900    1.582    1.491    0.902    2.080
1953 -999.900    2.106    1.985    1.606    2.377
1954 -999.900    1.819    1.803    1.402    2.204
1955 -999.900    1.590    1.463    0.872    2.054
1956 -999.900    2.045    1.893    1.290    2.497
1957 -999.900    2.152    2.062    1.636    2.488
1958 -999.900    1.552    1.453    0.931    1.976
1959 -999.900    2.605    2.272    1.694    2.876
1960 -999.900    2.147    1.692    0.837    2.547
1961 -999.900    1.697    1.599    1.235    1.968
1962 -999.900    2.097    1.907    1.405    2.409
1963 -999.900    1.796    1.986    1.278    2.693
1964 -999.900    1.699    1.612    1.199    2.025
1965 -999.900    1.652    1.656    1.308    2.004
1966 -999.900    1.701    1.707    1.390    2.025
1967 -999.900    1.982    1.907    1.624    2.253
1968 -999.900    1.674    1.738    1.403    2.055
1969 -999.900    1.480    1.608    1.209    1.998
1970 -999.900    2.336    2.033    1.637    2.607
1971 -999.900    1.956    1.974    1.656    2.293
1972 -999.900    1.908    1.811    1.233    2.389
1973 -999.900    1.751    1.651    1.359    2.022
1974 -999.900    1.980    2.143    1.709    2.497
1975 -999.900    1.936    2.043    1.581    2.506
1976 -999.900    1.673    1.782    1.377    2.186
1977 -999.900    1.748    1.583    1.079    2.087
1978 -999.900    1.732    1.814    1.367    2.261
1979    1.750    1.710    1.814    1.439    2.012
1980    1.201    1.482    1.579    1.211    1.869
1981    1.675    1.854    1.864    1.583    2.125
1982    2.202    2.132    2.112    1.812    2.412
1983    1.683    1.929    1.698    1.356    2.200
1984    1.829    1.890    1.878    1.619    2.161
1985    1.945    2.071    2.057    1.800    2.342
1986    2.391    2.420    2.272    1.908    2.691
1987    2.051    2.153    2.111    1.865    2.424
1988    2.278    2.175    2.065    1.744    2.446
1989    1.979    1.899    2.031    1.628    2.216
1990    1.871    1.960    1.945    1.689    2.231
1991    1.975    1.755    1.921    1.484    2.174
1992    1.425    1.475    1.593    1.204    1.859
1993    1.820    1.962    1.897    1.651    2.233
1994    1.719    1.851    1.755    1.575    2.122
1995    1.781    1.670    1.812    1.399    2.067
1996    2.169    2.353    2.271    1.937    2.624
1997    1.703    1.807    1.897    1.536    2.152
1998    1.880    2.015    1.928    1.651    2.286
1999    2.552    2.500    2.423    2.223    2.771
2000    2.302    2.341    2.289    2.070    2.612
2001    2.024    1.927    2.025    1.656    2.263
2002    2.282    2.389    2.267    1.892    2.660
2003    1.921    1.900    1.937    1.629    2.171
2004    1.885    1.941    2.008    1.670    2.266
2005    1.656    1.923    1.862    1.544    2.194
2006    1.453    1.871    1.880    1.600    2.142
2007    1.794    1.875    1.899    1.604    2.167
2008    2.429    2.440    2.297    2.099    2.711
2009    2.100    2.086    2.075    1.815    2.357
2010    1.735    1.853    1.808    1.582    2.124
2011    1.953    2.273    2.191    1.967    2.544
2012    1.804    1.811    1.893    1.540    2.162
2013    1.843    1.842    1.904    1.571    2.156
2014    1.821    1.945    1.915    1.674    2.216
2015    2.332    2.253    2.166    1.879    2.524
2016    1.489    1.573    1.631    1.302    1.893
2017    1.197    1.465    1.492    1.194    1.736
2018    1.663    1.638    1.824    1.367    2.195
2019    1.398    1.587    1.725    1.316    1.953
2020    1.657    1.455    1.710    1.184    1.997
