Year Observed_Sea_Ice_Extent Best_Fit_Recon Ensemble_Mean_Recon 95%_Lower_CI 95%_Upper_CI
NOTE: Sea Ice Extent is in 10^6 km^2
1905 -999.900   16.237   15.812   15.054   16.781
1906 -999.900   15.163   15.768   14.619   16.754
1907 -999.900   16.178   16.235   15.634   16.722
1908 -999.900   16.853   16.219   15.173   17.397
1909 -999.900   16.891   16.465   16.051   17.435
1910 -999.900   16.959   16.410   15.837   17.503
1911 -999.900   16.369   16.228   15.147   17.309
1912 -999.900   16.149   15.935   15.406   16.693
1913 -999.900   15.143   15.682   14.599   16.369
1914 -999.900   15.879   15.994   15.335   16.473
1915 -999.900   15.810   15.763   15.266   16.354
1916 -999.900   15.195   16.069   14.651   17.195
1917 -999.900   15.465   16.416   14.921   17.391
1918 -999.900   15.944   16.132   15.400   16.695
1919 -999.900   15.727   15.799   15.183   16.271
1920 -999.900   15.725   16.169   15.181   16.632
1921 -999.900   14.877   15.912   14.333   16.790
1922 -999.900   17.136   16.228   15.360   17.680
1923 -999.900   14.834   15.770   14.290   16.695
1924 -999.900   15.616   16.177   15.072   16.736
1925 -999.900   15.308   15.867   14.764   16.554
1926 -999.900   16.519   16.350   15.948   17.063
1927 -999.900   16.445   16.198   15.712   16.989
1928 -999.900   16.223   15.963   15.559   16.767
1929 -999.900   17.167   16.381   15.659   17.711
1930 -999.900   16.452   16.206   15.908   16.996
1931 -999.900   16.879   16.647   15.817   17.478
1932 -999.900   16.165   15.988   15.621   16.709
1933 -999.900   16.464   16.233   15.556   17.008
1934 -999.900   16.130   16.109   15.586   16.674
1935 -999.900   16.300   16.081   15.726   16.844
1936 -999.900   17.046   16.201   15.104   17.590
1937 -999.900   16.423   16.267   15.879   16.967
1938 -999.900   16.080   16.041   15.536   16.624
1939 -999.900   16.397   15.899   15.436   16.941
1940 -999.900   15.969   15.827   15.425   16.513
1941 -999.900   15.911   15.631   15.158   16.455
1942 -999.900   16.471   16.260   15.927   17.015
1943 -999.900   16.657   16.261   15.885   17.201
1944 -999.900   16.387   16.442   15.831   17.054
1945 -999.900   15.805   16.204   15.261   16.681
1946 -999.900   16.488   16.000   15.469   17.032
1947 -999.900   16.007   16.055   15.463   16.551
1948 -999.900   16.288   16.262   15.688   16.835
1949 -999.900   15.710   15.902   15.166   16.254
1950 -999.900   15.839   16.098   14.997   17.199
1951 -999.900   16.382   16.305   15.838   16.926
1952 -999.900   16.221   16.409   15.677   16.882
1953 -999.900   15.847   15.874   15.303   16.391
1954 -999.900   15.950   16.022   15.406   16.494
1955 -999.900   16.258   16.075   15.714   16.802
1956 -999.900   16.123   16.210   15.579   16.748
1957 -999.900   15.626   16.113   15.082   16.736
1958 -999.900   16.120   15.960   15.500   16.664
1959 -999.900   16.262   15.837   15.295   16.806
1960 -999.900   16.157   16.258   15.613   16.701
1961 -999.900   16.106   15.755   15.449   16.650
1962 -999.900   15.723   15.985   15.179   16.458
1963 -999.900   15.952   15.971   15.408   16.533
1964 -999.900   15.835   15.787   15.291   16.379
1965 -999.900   16.011   15.856   15.190   16.555
1966 -999.900   15.948   15.873   15.118   16.629
1967 -999.900   16.163   15.971   15.323   16.707
1968 -999.900   16.193   16.341   15.649   16.737
1969 -999.900   15.485   15.823   14.941   16.343
1970 -999.900   15.425   15.870   14.881   16.496
1971 -999.900   16.437   16.075   15.688   16.981
1972 -999.900   15.395   15.491   14.851   15.939
1973 -999.900   15.421   15.801   14.877   16.355
1974 -999.900   15.915   15.719   15.371   16.459
1975 -999.900   15.591   15.868   15.047   16.135
1976 -999.900   15.794   15.690   15.189   16.338
1977 -999.900   15.527   15.470   14.348   16.591
1978 -999.900   15.932   16.111   15.388   16.483
1979   16.331   16.099   16.129   15.555   16.643
1980   15.467   15.059   15.305   14.515   15.621
1981   15.843   15.553   15.733   15.009   16.137
1982   15.961   16.240   16.122   15.696   16.784
1983   15.377   15.210   15.467   14.666   15.754
1984   16.094   15.670   15.788   15.126   16.214
1985   15.940   15.602   15.801   15.058   16.146
1986   15.294   15.010   15.260   14.466   15.595
1987   15.419   15.324   15.457   14.780   15.868
1988   15.860   15.676   15.849   15.132   16.220
1989   15.870   15.814   16.033   15.270   16.389
1990   15.704   15.597   15.624   15.053   16.141
1991   15.799   15.415   15.524   14.871   15.959
1992   15.857   15.441   15.628   14.897   16.015
1993   15.847   16.000   15.806   15.385   16.544
1994   16.240   15.891   15.847   15.347   16.435
1995   15.964   15.899   15.839   15.355   16.443
1996   16.214   16.084   16.143   15.540   16.628
1997   15.925   15.925   15.962   15.381   16.469
1998   16.050   16.037   16.170   15.493   16.581
1999   16.301   16.275   16.287   15.731   16.819
2000   16.415   16.041   16.142   15.497   16.585
2001   15.884   16.128   15.975   15.584   16.672
2002   15.305   15.249   15.439   14.705   15.793
2003   16.293   15.844   16.097   15.300   16.388
2004   16.347   16.312   16.284   15.768   16.856
2005   16.134   15.967   16.027   15.423   16.511
2006   16.180   16.349   16.311   15.805   16.893
2007   15.964   16.015   15.958   15.471   16.559
2008   16.204   16.219   16.095   15.675   16.763
2009   16.371   16.006   16.065   15.462   16.550
2010   16.874   16.384   16.299   15.840   16.928
2011   15.924   15.920   16.119   15.376   16.464
2012   16.231   16.382   16.017   15.662   16.926
2013   16.812   16.670   16.462   16.126   17.214
2014   17.161   16.846   16.346   15.593   17.390
2015   16.578   16.428   16.067   15.658   16.972
2016   16.021   16.830   16.239   15.636   17.374
2017   15.228   15.730   15.728   15.186   16.274
2018   15.590   15.772   15.801   15.228   16.316
2019   15.301   15.673   15.592   15.129   16.217
2020   15.857   16.026   16.151   15.482   16.570
