Year Observed_Sea_Ice_Extent Best_Fit_Recon Ensemble_Mean_Recon 95%_Lower_CI 95%_Upper_CI
NOTE: Sea Ice Extent is in 10^6 km^2
1905 -999.900    6.130    6.086    5.323    6.937
1906 -999.900    6.078    5.901    5.072    6.885
1907 -999.900    6.873    6.761    6.066    7.680
1908 -999.900    6.337    6.461    5.530    7.144
1909 -999.900    5.994    6.097    5.187    6.835
1910 -999.900    6.103    6.177    5.296    6.942
1911 -999.900    5.939    6.258    5.132    7.343
1912 -999.900    5.948    5.596    5.034    6.755
1913 -999.900    6.245    6.140    5.438    7.052
1914 -999.900    7.181    6.451    5.146    7.988
1915 -999.900    5.885    5.839    4.913    6.765
1916 -999.900    6.638    6.184    5.351    7.445
1917 -999.900    6.956    7.088    6.149    7.763
1918 -999.900    6.348    6.232    5.541    7.155
1919 -999.900    6.384    6.191    5.577    7.191
1920 -999.900    6.658    6.334    5.296    7.465
1921 -999.900    6.659    6.665    5.852    7.466
1922 -999.900    6.468    6.200    5.221    7.275
1923 -999.900    6.215    6.062    5.028    7.097
1924 -999.900    7.166    6.855    6.018    7.973
1925 -999.900    6.203    6.235    5.396    7.010
1926 -999.900    5.855    5.958    5.048    6.662
1927 -999.900    7.131    6.921    6.262    7.938
1928 -999.900    6.958    6.739    6.151    7.765
1929 -999.900    5.079    5.610    4.272    6.792
1930 -999.900    6.065    5.941    5.124    6.872
1931 -999.900    5.163    5.662    4.356    6.734
1932 -999.900    5.488    5.577    4.681    6.295
1933 -999.900    5.668    6.212    4.861    6.947
1934 -999.900    6.646    6.645    5.839    7.453
1935 -999.900    6.747    6.840    5.940    7.623
1936 -999.900    6.494    6.384    5.687    7.301
1937 -999.900    6.302    6.449    5.418    7.480
1938 -999.900    7.644    7.047    5.875    8.451
1939 -999.900    6.246    6.146    5.439    7.053
1940 -999.900    6.097    6.356    5.290    7.048
1941 -999.900    5.920    6.039    5.113    6.798
1942 -999.900    5.803    5.688    4.996    6.610
1943 -999.900    5.928    6.082    5.121    6.735
1944 -999.900    6.166    6.447    5.359    6.998
1945 -999.900    6.726    6.721    5.569    7.873
1946 -999.900    5.581    6.103    4.774    6.768
1947 -999.900    5.650    5.960    4.843    6.579
1948 -999.900    5.728    6.282    4.921    6.800
1949 -999.900    5.815    6.238    5.008    6.946
1950 -999.900    5.244    5.569    4.437    6.481
1951 -999.900    5.641    5.787    4.515    7.059
1952 -999.900    7.087    6.747    6.002    7.894
1953 -999.900    6.589    6.858    5.782    7.652
1954 -999.900    7.181    7.279    6.309    8.248
1955 -999.900    6.508    6.498    5.662    7.335
1956 -999.900    6.268    6.516    5.461    7.170
1957 -999.900    5.760    5.908    4.953    6.567
1958 -999.900    6.657    6.500    5.850    7.464
1959 -999.900    6.694    6.964    5.887    7.707
1960 -999.900    6.487    6.791    5.680    7.294
1961 -999.900    6.189    6.478    5.382    7.018
1962 -999.900    6.939    7.210    6.132    7.825
1963 -999.900    7.356    6.870    5.804    8.163
1964 -999.900    6.488    6.418    5.681    7.295
1965 -999.900    5.888    6.254    5.081    7.022
1966 -999.900    6.664    6.769    5.857    7.471
1967 -999.900    6.206    6.563    5.399    7.013
1968 -999.900    6.604    6.586    5.797    7.411
1969 -999.900    6.342    6.687    5.535    7.712
1970 -999.900    7.222    7.272    5.959    8.586
1971 -999.900    5.960    6.530    5.153    7.596
1972 -999.900    5.749    5.981    4.796    7.166
1973 -999.900    5.664    5.855    4.857    6.487
1974 -999.900    5.912    6.140    5.105    6.747
1975 -999.900    6.369    6.479    5.562    7.176
1976 -999.900    5.728    6.340    4.921    6.950
1977 -999.900    5.651    5.965    4.844    6.540
1978 -999.900    6.386    6.518    5.579    7.193
1979    6.576    6.383    6.451    5.576    7.190
1980    5.781    6.057    5.964    5.250    6.864
1981    6.100    6.170    5.999    5.363    6.977
1982    6.765    6.335    6.333    5.528    7.142
1983    5.982    5.762    5.843    4.955    6.569
1984    6.278    6.363    6.338    5.556    7.170
1985    6.259    6.441    6.153    5.524    7.248
1986    7.011    6.339    6.435    5.532    7.146
1987    6.145    6.372    6.309    5.565    7.179
1988    6.868    6.281    6.364    5.474    7.088
1989    6.500    6.447    6.366    5.640    7.254
1990    6.107    6.032    6.041    5.225    6.839
1991    6.411    6.317    6.237    5.510    7.124
1992    6.060    6.032    6.072    5.225    6.839
1993    5.939    5.671    5.975    4.864    6.641
1994    6.253    6.455    6.251    5.648    7.262
1995    6.648    7.239    6.728    6.111    8.046
1996    6.715    6.840    6.732    6.033    7.647
1997    5.582    5.830    5.864    5.023    6.637
1998    6.069    6.324    6.150    5.517    7.131
1999    6.316    6.532    6.339    5.725    7.339
2000    6.354    6.227    6.290    5.420    7.034
2001    6.457    5.913    6.102    5.106    6.720
2002    6.260    6.284    6.165    5.477    7.091
2003    6.927    6.667    6.658    5.860    7.474
2004    6.757    6.768    6.665    5.961    7.575
2005    6.130    6.374    6.192    5.567    7.181
2006    5.634    5.773    5.717    4.966    6.580
2007    5.977    6.482    6.216    5.389    7.289
2008    7.612    7.923    7.210    6.616    8.730
2009    6.918    7.031    6.617    6.077    7.838
2010    6.383    7.030    6.608    6.058    7.837
2011    6.250    6.514    6.539    5.707    7.321
2012    6.967    7.095    6.854    6.177    7.902
2013    6.688    6.609    6.443    5.802    7.416
2014    7.445    6.988    6.738    6.181    7.795
2015    7.689    7.402    7.181    6.595    8.209
2016    6.186    6.456    6.450    5.649    7.263
2017    4.842    5.629    5.451    4.822    6.436
2018    5.440    6.616    6.225    5.364    7.423
2019    5.369    6.569    6.197    5.356    7.376
2020    5.706    6.336    5.994    5.421    7.143
