Year Observed_Sea_Ice_Extent Best_Fit_Recon Ensemble_Mean_Recon 95%_Lower_CI 95%_Upper_CI
NOTE: Sea Ice Extent is in 10^6 km^2
1905 -999.900   17.078   17.483   16.751   17.942
1906 -999.900   17.695   17.694   16.838   18.551
1907 -999.900   17.764   17.612   17.093   18.132
1908 -999.900   17.916   18.047   17.589   18.470
1909 -999.900   18.152   18.075   17.675   18.479
1910 -999.900   18.205   18.252   17.878   18.581
1911 -999.900   17.927   18.154   17.600   18.550
1912 -999.900   17.663   17.776   17.298   18.254
1913 -999.900   17.635   17.415   16.971   17.962
1914 -999.900   17.977   17.681   16.934   18.428
1915 -999.900   17.922   17.937   17.595   18.249
1916 -999.900   18.312   18.063   17.696   18.639
1917 -999.900   17.682   17.507   16.574   18.441
1918 -999.900   17.933   17.446   16.600   18.291
1919 -999.900   17.931   17.473   16.737   18.258
1920 -999.900   18.350   17.857   17.327   18.677
1921 -999.900   17.648   17.545   17.148   17.975
1922 -999.900   17.878   17.944   17.551   18.314
1923 -999.900   17.395   17.299   16.962   17.722
1924 -999.900   17.815   17.766   17.321   18.211
1925 -999.900   17.456   17.295   16.705   17.884
1926 -999.900   18.104   18.027   17.661   18.431
1927 -999.900   18.235   17.774   17.236   18.562
1928 -999.900   18.033   17.806   17.541   18.360
1929 -999.900   17.800   17.896   17.473   18.127
1930 -999.900   18.028   17.809   17.467   18.355
1931 -999.900   17.962   17.855   17.631   18.289
1932 -999.900   17.809   17.878   17.267   18.489
1933 -999.900   18.119   17.996   17.597   18.446
1934 -999.900   17.837   17.757   17.510   18.164
1935 -999.900   17.795   17.603   17.117   18.122
1936 -999.900   18.334   18.245   18.007   18.661
1937 -999.900   17.969   18.054   17.642   18.310
1938 -999.900   17.951   18.007   17.624   18.278
1939 -999.900   16.927   17.162   16.600   17.413
1940 -999.900   18.023   17.843   17.457   18.350
1941 -999.900   17.823   17.765   17.496   18.150
1942 -999.900   18.062   17.959   17.735   18.389
1943 -999.900   17.567   17.686   17.240   17.894
1944 -999.900   17.903   18.067   17.576   18.299
1945 -999.900   17.690   18.048   17.363   18.570
1946 -999.900   17.617   17.554   17.290   17.944
1947 -999.900   17.695   17.702   17.368   18.022
1948 -999.900   17.552   17.763   17.225   18.001
1949 -999.900   17.924   17.903   17.597   18.251
1950 -999.900   17.917   17.889   17.590   18.244
1951 -999.900   17.542   17.700   17.215   18.030
1952 -999.900   17.563   17.841   17.236   18.162
1953 -999.900   17.482   17.740   17.155   18.200
1954 -999.900   17.862   17.979   17.450   18.508
1955 -999.900   18.030   18.276   17.643   18.908
1956 -999.900   17.505   17.741   17.178   18.284
1957 -999.900   17.820   18.111   17.493   18.675
1958 -999.900   17.208   17.857   16.881   18.544
1959 -999.900   17.520   17.853   17.193   18.244
1960 -999.900   17.614   17.930   17.287   18.310
1961 -999.900   17.487   17.835   17.160   18.196
1962 -999.900   17.707   17.598   17.282   18.034
1963 -999.900   18.106   18.040   17.642   18.439
1964 -999.900   17.308   17.580   16.948   18.212
1965 -999.900   17.748   17.962   17.421   18.217
1966 -999.900   17.567   17.552   17.240   17.894
1967 -999.900   18.170   18.573   17.843   19.136
1968 -999.900   17.338   17.387   17.011   17.665
1969 -999.900   17.679   17.872   17.352   18.273
1970 -999.900   17.847   17.901   17.403   18.399
1971 -999.900   17.518   17.760   17.191   18.307
1972 -999.900   17.140   17.357   16.813   17.600
1973 -999.900   17.959   17.918   17.571   18.286
1974 -999.900   17.363   17.206   16.966   17.690
1975 -999.900   17.803   17.731   17.350   18.130
1976 -999.900   17.414   17.637   17.087   18.075
1977 -999.900   17.840   17.712   17.396   18.167
1978 -999.900   17.370   17.496   17.043   17.862
1979   17.378   17.340   17.409   17.013   17.667
1980   18.080   17.789   17.801   17.462   18.116
1981   17.942   17.942   17.682   17.348   18.269
1982   17.545   17.816   18.008   17.489   18.355
1983   17.800   18.041   18.026   17.714   18.368
1984   17.640   17.655   17.567   17.328   17.982
1985   18.030   17.971   17.837   17.644   18.298
1986   16.994   17.016   17.057   16.689   17.343
1987   17.510   17.665   17.550   17.338   17.992
1988   17.971   17.977   17.923   17.650   18.304
1989   17.466   17.523   17.719   17.196   17.917
1990   17.475   17.367   17.404   17.040   17.694
1991   17.563   17.744   17.554   17.219   18.071
1992   17.610   17.474   17.390   17.147   17.801
1993   17.834   17.861   17.667   17.458   18.188
1994   17.798   17.719   17.601   17.392   18.046
1995   17.617   17.419   17.549   17.092   17.769
1996   17.686   17.865   17.638   17.363   18.192
1997   17.747   17.813   17.739   17.486   18.140
1998   18.222   18.289   18.186   17.810   18.616
1999   17.947   18.176   17.890   17.464   18.503
2000   17.873   17.981   17.775   17.462   18.308
2001   17.428   17.682   17.689   17.355   18.009
2002   17.341   17.476   17.572   17.149   17.803
2003   17.806   17.880   17.535   17.112   18.207
2004   18.086   17.909   17.839   17.487   18.236
2005   18.148   17.990   17.837   17.579   18.317
2006   18.277   18.048   17.958   17.721   18.375
2007   18.021   18.089   17.928   17.685   18.416
2008   17.712   17.886   17.728   17.463   18.213
2009   17.921   18.083   17.752   17.347   18.410
2010   18.314   18.237   17.883   17.383   18.564
2011   17.816   17.824   17.996   17.497   18.343
2012   18.206   18.130   18.267   17.803   18.457
2013   18.678   18.389   18.347   18.062   18.716
2014   18.639   18.389   18.340   17.950   18.730
2015   17.921   17.867   18.087   17.540   18.346
2016   16.861   16.782   17.254   16.455   17.759
2017   17.169   17.467   17.528   17.140   17.794
2018   17.179   17.477   17.634   17.150   17.862
2019   17.315   17.589   17.393   17.073   17.916
2020   18.068   17.921   18.072   17.594   18.431
