Year Observed_Sea_Ice_Extent Best_Fit_Recon Ensemble_Mean_Recon 95%_Lower_CI 95%_Upper_CI
NOTE: Sea Ice Extent is in 10^6 km^2
1905 -999.900    2.351    2.250    2.087    2.587
1906 -999.900    1.777    1.873    1.541    2.146
1907 -999.900    1.593    1.829    1.357    2.141
1908 -999.900    2.278    2.285    2.042    2.514
1909 -999.900    1.688    1.752    1.432    2.072
1910 -999.900    1.980    1.837    1.555    2.216
1911 -999.900    1.939    1.929    1.703    2.175
1912 -999.900    2.448    2.169    1.872    2.684
1913 -999.900    1.995    2.065    1.759    2.255
1914 -999.900    1.635    1.901    1.399    2.158
1915 -999.900    2.310    2.352    1.707    2.997
1916 -999.900    1.778    2.031    1.542    2.220
1917 -999.900    1.660    2.218    1.424    2.659
1918 -999.900    1.611    1.741    1.375    1.904
1919 -999.900    2.313    2.128    1.836    2.549
1920 -999.900    2.468    2.408    2.103    2.712
1921 -999.900    2.286    2.231    1.967    2.522
1922 -999.900    1.916    2.081    1.680    2.355
1923 -999.900    1.828    2.257    1.592    2.783
1924 -999.900    1.755    2.104    1.519    2.417
1925 -999.900    1.538    1.776    1.302    2.047
1926 -999.900    2.096    2.126    1.846    2.406
1927 -999.900    2.399    2.264    2.098    2.635
1928 -999.900    2.199    2.053    1.841    2.435
1929 -999.900    2.038    2.046    1.802    2.274
1930 -999.900    1.935    1.934    1.699    2.171
1931 -999.900    2.637    2.175    1.817    2.873
1932 -999.900    1.925    1.886    1.681    2.161
1933 -999.900    1.959    1.949    1.723    2.195
1934 -999.900    2.179    1.870    1.548    2.415
1935 -999.900    2.087    1.995    1.731    2.323
1936 -999.900    2.180    2.139    1.944    2.416
1937 -999.900    2.199    2.175    1.869    2.482
1938 -999.900    2.402    1.997    1.686    2.638
1939 -999.900    2.091    2.213    1.855    2.414
1940 -999.900    1.922    2.055    1.686    2.226
1941 -999.900    2.109    1.929    1.639    2.345
1942 -999.900    1.889    1.908    1.653    2.125
1943 -999.900    1.982    2.309    1.746    2.666
1944 -999.900    2.137    1.893    1.642    2.373
1945 -999.900    2.539    2.318    2.049    2.775
1946 -999.900    1.933    2.099    1.697    2.411
1947 -999.900    2.297    2.295    1.999    2.590
1948 -999.900    1.867    1.623    1.396    2.103
1949 -999.900    2.045    2.130    1.809    2.310
1950 -999.900    1.943    1.772    1.589    2.179
1951 -999.900    1.858    1.926    1.622    2.094
1952 -999.900    2.527    2.485    2.216    2.763
1953 -999.900    2.507    2.272    1.994    2.743
1954 -999.900    2.307    2.506    2.071    2.797
1955 -999.900    2.033    2.084    1.797    2.295
1956 -999.900    2.012    1.839    1.684    2.248
1957 -999.900    1.662    1.892    1.426    2.131
1958 -999.900    2.373    2.332    2.137    2.609
1959 -999.900    2.039    2.105    1.803    2.286
1960 -999.900    2.429    2.608    2.104    3.112
1961 -999.900    1.778    1.991    1.542    2.205
1962 -999.900    2.040    2.344    1.804    2.629
1963 -999.900    2.200    2.136    1.884    2.436
1964 -999.900    1.910    1.980    1.674    2.186
1965 -999.900    1.796    1.752    1.560    2.032
1966 -999.900    2.050    2.138    1.814    2.306
1967 -999.900    1.551    1.689    1.315    1.997
1968 -999.900    1.818    2.117    1.582    2.368
1969 -999.900    1.957    2.050    1.721    2.317
1970 -999.900    1.845    2.014    1.609    2.222
1971 -999.900    1.637    1.809    1.401    2.146
1972 -999.900    1.733    1.825    1.390    2.259
1973 -999.900    1.786    1.820    1.550    2.022
1974 -999.900    1.751    1.675    1.459    1.987
1975 -999.900    1.518    1.405    1.037    1.773
1976 -999.900    1.875    2.019    1.639    2.236
1977 -999.900    1.270    1.674    1.034    2.065
1978 -999.900    2.137    1.990    1.724    2.373
1979    2.166    2.141    2.105    1.903    2.377
1980    2.047    1.987    1.877    1.727    2.223
1981    1.850    1.866    1.839    1.630    2.102
1982    1.876    1.981    1.903    1.745    2.217
1983    2.056    2.145    2.012    1.839    2.381
1984    1.867    1.913    1.955    1.677    2.149
1985    1.810    1.776    1.734    1.540    2.012
1986    1.895    2.005    1.891    1.739    2.241
1987    1.944    1.926    1.963    1.690    2.162
1988    1.781    1.874    1.774    1.590    2.110
1989    1.983    2.122    2.022    1.883    2.358
1990    1.838    1.849    1.752    1.613    2.085
1991    2.190    2.088    2.102    1.852    2.324
1992    2.348    2.441    2.259    2.097    2.677
1993    1.874    1.912    1.785    1.574    2.148
1994    2.082    1.952    1.943    1.716    2.188
1995    2.404    2.388    2.316    2.152    2.624
1996    2.085    2.173    2.084    1.937    2.409
1997    1.744    1.746    1.800    1.510    1.982
1998    1.999    1.955    1.963    1.689    2.237
1999    1.455    1.757    1.577    1.356    1.993
2000    1.680    1.771    1.695    1.535    2.007
2001    2.142    1.883    2.076    1.647    2.249
2002    1.529    1.609    1.642    1.373    1.845
2003    2.622    2.551    2.460    2.315    2.787
2004    2.372    2.373    2.227    2.070    2.609
2005    1.944    2.009    1.945    1.773    2.245
2006    1.913    1.929    1.875    1.693    2.165
2007    1.814    1.948    1.842    1.634    2.184
2008    2.374    2.346    2.282    2.029    2.582
2009    2.153    2.106    2.019    1.826    2.342
2010    2.183    2.438    2.149    1.903    2.674
2011    1.611    1.703    1.690    1.467    1.939
2012    2.375    2.321    2.281    2.045    2.557
2013    2.349    2.348    2.282    2.112    2.584
2014    2.588    2.302    2.371    2.066    2.538
2015    2.663    2.420    2.469    2.184    2.656
2016    2.241    2.262    2.188    2.026    2.498
2017    1.665    1.843    1.823    1.607    2.079
2018    1.845    1.919    1.928    1.683    2.155
2019    1.718    1.921    1.810    1.582    2.157
2020    1.787    1.843    1.822    1.607    2.079
